Init E (V) = -0.17
High E (V) = 0.1
Low E (V) = -0.8
Init P/N = N
Scan Rate (V/s) = 0.01
Segment = 20
Sample Interval (V) = 0.001
Quiet Time (sec) = 2
Sensitivity (A/V) = 0.001

Potential/V	Current/A

-0.170	2.776e-4
-0.171	2.650e-4
-0.172	2.536e-4
-0.173	2.434e-4
-0.174	2.339e-4
-0.175	2.250e-4
-0.176	2.167e-4
-0.177	2.090e-4
-0.178	2.016e-4
-0.179	1.945e-4
-0.180	1.881e-4
-0.181	1.816e-4
-0.182	1.758e-4
-0.183	1.699e-4
-0.184	1.647e-4
-0.185	1.595e-4
-0.186	1.542e-4
-0.187	1.496e-4
-0.188	1.450e-4
-0.189	1.407e-4
-0.190	1.365e-4
-0.191	1.325e-4
-0.192	1.286e-4
-0.193	1.249e-4
-0.194	1.213e-4
-0.195	1.178e-4
-0.196	1.145e-4
-0.197	1.112e-4
-0.198	1.081e-4
-0.199	1.051e-4
-0.200	1.022e-4
-0.201	9.930e-5
-0.202	9.656e-5
-0.203	9.392e-5
-0.204	9.133e-5
-0.205	8.881e-5
-0.206	8.638e-5
-0.207	8.404e-5
-0.208	8.177e-5
-0.209	7.958e-5
-0.210	7.737e-5
-0.211	7.531e-5
-0.212	7.322e-5
-0.213	7.128e-5
-0.214	6.931e-5
-0.215	6.747e-5
-0.216	6.562e-5
-0.217	6.384e-5
-0.218	6.208e-5
-0.219	6.039e-5
-0.220	5.873e-5
-0.221	5.713e-5
-0.222	5.553e-5
-0.223	5.402e-5
-0.224	5.252e-5
-0.225	5.104e-5
-0.226	4.960e-5
-0.227	4.824e-5
-0.228	4.683e-5
-0.229	4.550e-5
-0.230	4.418e-5
-0.231	4.289e-5
-0.232	4.166e-5
-0.233	4.043e-5
-0.234	3.923e-5
-0.235	3.806e-5
-0.236	3.689e-5
-0.237	3.578e-5
-0.238	3.468e-5
-0.239	3.360e-5
-0.240	3.256e-5
-0.241	3.151e-5
-0.242	3.046e-5
-0.243	2.948e-5
-0.244	2.853e-5
-0.245	2.757e-5
-0.246	2.662e-5
-0.247	2.570e-5
-0.248	2.480e-5
-0.249	2.388e-5
-0.250	2.302e-5
-0.251	2.216e-5
-0.252	2.133e-5
-0.253	2.050e-5
-0.254	1.970e-5
-0.255	1.890e-5
-0.256	1.810e-5
-0.257	1.733e-5
-0.258	1.659e-5
-0.259	1.585e-5
-0.260	1.508e-5
-0.261	1.438e-5
-0.262	1.370e-5
-0.263	1.296e-5
-0.264	1.228e-5
-0.265	1.161e-5
-0.266	1.096e-5
-0.267	1.034e-5
-0.268	9.644e-6
-0.269	9.053e-6
-0.270	8.398e-6
-0.271	7.783e-6
-0.272	7.180e-6
-0.273	6.580e-6
-0.274	5.987e-6
-0.275	5.396e-6
-0.276	4.836e-6
-0.277	4.237e-6
-0.278	3.708e-6
-0.279	3.111e-6
-0.280	2.597e-6
-0.281	2.019e-6
-0.282	1.502e-6
-0.283	9.641e-7
-0.284	4.443e-7
-0.285	-9.400e-8
-0.286	-6.356e-7
-0.287	-1.111e-6
-0.288	-1.604e-6
-0.289	-2.112e-6
-0.290	-2.599e-6
-0.291	-3.170e-6
-0.292	-3.594e-6
-0.293	-4.096e-6
-0.294	-4.575e-6
-0.295	-5.068e-6
-0.296	-5.507e-6
-0.297	-6.030e-6
-0.298	-6.467e-6
-0.299	-6.950e-6
-0.300	-7.417e-6
-0.301	-7.907e-6
-0.302	-8.346e-6
-0.303	-8.832e-6
-0.304	-9.266e-6
-0.305	-9.749e-6
-0.306	-1.021e-5
-0.307	-1.071e-5
-0.308	-1.119e-5
-0.309	-1.163e-5
-0.310	-1.209e-5
-0.311	-1.257e-5
-0.312	-1.302e-5
-0.313	-1.349e-5
-0.314	-1.399e-5
-0.315	-1.441e-5
-0.316	-1.493e-5
-0.317	-1.538e-5
-0.318	-1.589e-5
-0.319	-1.636e-5
-0.320	-1.685e-5
-0.321	-1.734e-5
-0.322	-1.785e-5
-0.323	-1.832e-5
-0.324	-1.886e-5
-0.325	-1.934e-5
-0.326	-1.988e-5
-0.327	-2.040e-5
-0.328	-2.093e-5
-0.329	-2.147e-5
-0.330	-2.201e-5
-0.331	-2.257e-5
-0.332	-2.313e-5
-0.333	-2.370e-5
-0.334	-2.426e-5
-0.335	-2.487e-5
-0.336	-2.546e-5
-0.337	-2.605e-5
-0.338	-2.668e-5
-0.339	-2.730e-5
-0.340	-2.796e-5
-0.341	-2.859e-5
-0.342	-2.924e-5
-0.343	-2.995e-5
-0.344	-3.068e-5
-0.345	-3.139e-5
-0.346	-3.210e-5
-0.347	-3.281e-5
-0.348	-3.360e-5
-0.349	-3.434e-5
-0.350	-3.514e-5
-0.351	-3.597e-5
-0.352	-3.677e-5
-0.353	-3.766e-5
-0.354	-3.850e-5
-0.355	-3.936e-5
-0.356	-4.031e-5
-0.357	-4.120e-5
-0.358	-4.222e-5
-0.359	-4.320e-5
-0.360	-4.415e-5
-0.361	-4.523e-5
-0.362	-4.628e-5
-0.363	-4.735e-5
-0.364	-4.852e-5
-0.365	-4.966e-5
-0.366	-5.083e-5
-0.367	-5.209e-5
-0.368	-5.332e-5
-0.369	-5.464e-5
-0.370	-5.600e-5
-0.371	-5.732e-5
-0.372	-5.876e-5
-0.373	-6.021e-5
-0.374	-6.169e-5
-0.375	-6.322e-5
-0.376	-6.482e-5
-0.377	-6.645e-5
-0.378	-6.815e-5
-0.379	-6.987e-5
-0.380	-7.165e-5
-0.381	-7.353e-5
-0.382	-7.537e-5
-0.383	-7.734e-5
-0.384	-7.937e-5
-0.385	-8.143e-5
-0.386	-8.359e-5
-0.387	-8.577e-5
-0.388	-8.808e-5
-0.389	-9.038e-5
-0.390	-9.278e-5
-0.391	-9.527e-5
-0.392	-9.783e-5
-0.393	-1.005e-4
-0.394	-1.032e-4
-0.395	-1.060e-4
-0.396	-1.089e-4
-0.397	-1.119e-4
-0.398	-1.149e-4
-0.399	-1.180e-4
-0.400	-1.212e-4
-0.401	-1.246e-4
-0.402	-1.280e-4
-0.403	-1.315e-4
-0.404	-1.352e-4
-0.405	-1.388e-4
-0.406	-1.427e-4
-0.407	-1.466e-4
-0.408	-1.507e-4
-0.409	-1.549e-4
-0.410	-1.592e-4
-0.411	-1.636e-4
-0.412	-1.680e-4
-0.413	-1.727e-4
-0.414	-1.774e-4
-0.415	-1.822e-4
-0.416	-1.872e-4
-0.417	-1.923e-4
-0.418	-1.975e-4
-0.419	-2.028e-4
-0.420	-2.082e-4
-0.421	-2.137e-4
-0.422	-2.193e-4
-0.423	-2.250e-4
-0.424	-2.309e-4
-0.425	-2.367e-4
-0.426	-2.427e-4
-0.427	-2.487e-4
-0.428	-2.549e-4
-0.429	-2.610e-4
-0.430	-2.672e-4
-0.431	-2.735e-4
-0.432	-2.796e-4
-0.433	-2.859e-4
-0.434	-2.922e-4
-0.435	-2.984e-4
-0.436	-3.046e-4
-0.437	-3.114e-4
-0.438	-3.173e-4
-0.439	-3.234e-4
-0.440	-3.293e-4
-0.441	-3.348e-4
-0.442	-3.407e-4
-0.443	-3.462e-4
-0.444	-3.517e-4
-0.445	-3.567e-4
-0.446	-3.619e-4
-0.447	-3.668e-4
-0.448	-3.711e-4
-0.449	-3.757e-4
-0.450	-3.800e-4
-0.451	-3.840e-4
-0.452	-3.877e-4
-0.453	-3.911e-4
-0.454	-3.945e-4
-0.455	-3.976e-4
-0.456	-4.003e-4
-0.457	-4.031e-4
-0.458	-4.053e-4
-0.459	-4.074e-4
-0.460	-4.093e-4
-0.461	-4.108e-4
-0.462	-4.120e-4
-0.463	-4.129e-4
-0.464	-4.139e-4
-0.465	-4.145e-4
-0.466	-4.145e-4
-0.467	-4.148e-4
-0.468	-4.145e-4
-0.469	-4.142e-4
-0.470	-4.136e-4
-0.471	-4.129e-4
-0.472	-4.120e-4
-0.473	-4.108e-4
-0.474	-4.096e-4
-0.475	-4.080e-4
-0.476	-4.065e-4
-0.477	-4.046e-4
-0.478	-4.025e-4
-0.479	-4.006e-4
-0.480	-3.985e-4
-0.481	-3.963e-4
-0.482	-3.939e-4
-0.483	-3.914e-4
-0.484	-3.890e-4
-0.485	-3.865e-4
-0.486	-3.840e-4
-0.487	-3.819e-4
-0.488	-3.791e-4
-0.489	-3.770e-4
-0.490	-3.745e-4
-0.491	-3.720e-4
-0.492	-3.699e-4
-0.493	-3.677e-4
-0.494	-3.656e-4
-0.495	-3.637e-4
-0.496	-3.619e-4
-0.497	-3.600e-4
-0.498	-3.585e-4
-0.499	-3.570e-4
-0.500	-3.557e-4
-0.501	-3.542e-4
-0.502	-3.533e-4
-0.503	-3.520e-4
-0.504	-3.511e-4
-0.505	-3.502e-4
-0.506	-3.496e-4
-0.507	-3.487e-4
-0.508	-3.480e-4
-0.509	-3.471e-4
-0.510	-3.465e-4
-0.511	-3.462e-4
-0.512	-3.456e-4
-0.513	-3.450e-4
-0.514	-3.447e-4
-0.515	-3.440e-4
-0.516	-3.437e-4
-0.517	-3.431e-4
-0.518	-3.428e-4
-0.519	-3.422e-4
-0.520	-3.419e-4
-0.521	-3.416e-4
-0.522	-3.410e-4
-0.523	-3.407e-4
-0.524	-3.404e-4
-0.525	-3.397e-4
-0.526	-3.394e-4
-0.527	-3.391e-4
-0.528	-3.388e-4
-0.529	-3.385e-4
-0.530	-3.379e-4
-0.531	-3.376e-4
-0.532	-3.373e-4
-0.533	-3.370e-4
-0.534	-3.367e-4
-0.535	-3.360e-4
-0.536	-3.357e-4
-0.537	-3.354e-4
-0.538	-3.351e-4
-0.539	-3.348e-4
-0.540	-3.342e-4
-0.541	-3.339e-4
-0.542	-3.336e-4
-0.543	-3.333e-4
-0.544	-3.327e-4
-0.545	-3.324e-4
-0.546	-3.320e-4
-0.547	-3.314e-4
-0.548	-3.311e-4
-0.549	-3.308e-4
-0.550	-3.305e-4
-0.551	-3.302e-4
-0.552	-3.296e-4
-0.553	-3.293e-4
-0.554	-3.290e-4
-0.555	-3.287e-4
-0.556	-3.281e-4
-0.557	-3.277e-4
-0.558	-3.274e-4
-0.559	-3.268e-4
-0.560	-3.265e-4
-0.561	-3.262e-4
-0.562	-3.256e-4
-0.563	-3.253e-4
-0.564	-3.250e-4
-0.565	-3.244e-4
-0.566	-3.241e-4
-0.567	-3.237e-4
-0.568	-3.234e-4
-0.569	-3.231e-4
-0.570	-3.225e-4
-0.571	-3.219e-4
-0.572	-3.219e-4
-0.573	-3.213e-4
-0.574	-3.210e-4
-0.575	-3.204e-4
-0.576	-3.201e-4
-0.577	-3.197e-4
-0.578	-3.194e-4
-0.579	-3.188e-4
-0.580	-3.185e-4
-0.581	-3.182e-4
-0.582	-3.179e-4
-0.583	-3.173e-4
-0.584	-3.170e-4
-0.585	-3.167e-4
-0.586	-3.161e-4
-0.587	-3.157e-4
-0.588	-3.154e-4
-0.589	-3.151e-4
-0.590	-3.145e-4
-0.591	-3.142e-4
-0.592	-3.136e-4
-0.593	-3.133e-4
-0.594	-3.130e-4
-0.595	-3.127e-4
-0.596	-3.124e-4
-0.597	-3.121e-4
-0.598	-3.114e-4
-0.599	-3.111e-4
-0.600	-3.108e-4
-0.601	-3.105e-4
-0.602	-3.099e-4
-0.603	-3.096e-4
-0.604	-3.093e-4
-0.605	-3.090e-4
-0.606	-3.084e-4
-0.607	-3.081e-4
-0.608	-3.078e-4
-0.609	-3.074e-4
-0.610	-3.071e-4
-0.611	-3.068e-4
-0.612	-3.065e-4
-0.613	-3.059e-4
-0.614	-3.056e-4
-0.615	-3.053e-4
-0.616	-3.050e-4
-0.617	-3.047e-4
-0.618	-3.044e-4
-0.619	-3.038e-4
-0.620	-3.038e-4
-0.621	-3.031e-4
-0.622	-3.028e-4
-0.623	-3.025e-4
-0.624	-3.022e-4
-0.625	-3.019e-4
-0.626	-3.016e-4
-0.627	-3.013e-4
-0.628	-3.010e-4
-0.629	-3.004e-4
-0.630	-3.004e-4
-0.631	-2.998e-4
-0.632	-2.994e-4
-0.633	-2.991e-4
-0.634	-2.988e-4
-0.635	-2.985e-4
-0.636	-2.982e-4
-0.637	-2.979e-4
-0.638	-2.976e-4
-0.639	-2.973e-4
-0.640	-2.970e-4
-0.641	-2.967e-4
-0.642	-2.964e-4
-0.643	-2.961e-4
-0.644	-2.958e-4
-0.645	-2.954e-4
-0.646	-2.951e-4
-0.647	-2.948e-4
-0.648	-2.945e-4
-0.649	-2.942e-4
-0.650	-2.942e-4
-0.651	-2.936e-4
-0.652	-2.936e-4
-0.653	-2.933e-4
-0.654	-2.930e-4
-0.655	-2.927e-4
-0.656	-2.924e-4
-0.657	-2.921e-4
-0.658	-2.918e-4
-0.659	-2.914e-4
-0.660	-2.914e-4
-0.661	-2.908e-4
-0.662	-2.908e-4
-0.663	-2.905e-4
-0.664	-2.902e-4
-0.665	-2.899e-4
-0.666	-2.896e-4
-0.667	-2.893e-4
-0.668	-2.890e-4
-0.669	-2.890e-4
-0.670	-2.887e-4
-0.671	-2.884e-4
-0.672	-2.881e-4
-0.673	-2.878e-4
-0.674	-2.878e-4
-0.675	-2.875e-4
-0.676	-2.871e-4
-0.677	-2.868e-4
-0.678	-2.865e-4
-0.679	-2.865e-4
-0.680	-2.862e-4
-0.681	-2.859e-4
-0.682	-2.856e-4
-0.683	-2.853e-4
-0.684	-2.853e-4
-0.685	-2.850e-4
-0.686	-2.847e-4
-0.687	-2.844e-4
-0.688	-2.844e-4
-0.689	-2.841e-4
-0.690	-2.838e-4
-0.691	-2.838e-4
-0.692	-2.835e-4
-0.693	-2.831e-4
-0.694	-2.828e-4
-0.695	-2.828e-4
-0.696	-2.825e-4
-0.697	-2.822e-4
-0.698	-2.822e-4
-0.699	-2.819e-4
-0.700	-2.816e-4
-0.701	-2.816e-4
-0.702	-2.813e-4
-0.703	-2.813e-4
-0.704	-2.810e-4
-0.705	-2.807e-4
-0.706	-2.807e-4
-0.707	-2.804e-4
-0.708	-2.801e-4
-0.709	-2.801e-4
-0.710	-2.798e-4
-0.711	-2.795e-4
-0.712	-2.795e-4
-0.713	-2.791e-4
-0.714	-2.788e-4
-0.715	-2.788e-4
-0.716	-2.785e-4
-0.717	-2.785e-4
-0.718	-2.782e-4
-0.719	-2.782e-4
-0.720	-2.779e-4
-0.721	-2.776e-4
-0.722	-2.776e-4
-0.723	-2.773e-4
-0.724	-2.773e-4
-0.725	-2.770e-4
-0.726	-2.770e-4
-0.727	-2.767e-4
-0.728	-2.764e-4
-0.729	-2.764e-4
-0.730	-2.764e-4
-0.731	-2.761e-4
-0.732	-2.761e-4
-0.733	-2.758e-4
-0.734	-2.755e-4
-0.735	-2.755e-4
-0.736	-2.751e-4
-0.737	-2.751e-4
-0.738	-2.751e-4
-0.739	-2.748e-4
-0.740	-2.748e-4
-0.741	-2.745e-4
-0.742	-2.745e-4
-0.743	-2.742e-4
-0.744	-2.742e-4
-0.745	-2.739e-4
-0.746	-2.739e-4
-0.747	-2.736e-4
-0.748	-2.736e-4
-0.749	-2.736e-4
-0.750	-2.733e-4
-0.751	-2.733e-4
-0.752	-2.730e-4
-0.753	-2.730e-4
-0.754	-2.727e-4
-0.755	-2.727e-4
-0.756	-2.727e-4
-0.757	-2.724e-4
-0.758	-2.724e-4
-0.759	-2.721e-4
-0.760	-2.721e-4
-0.761	-2.718e-4
-0.762	-2.718e-4
-0.763	-2.715e-4
-0.764	-2.715e-4
-0.765	-2.715e-4
-0.766	-2.711e-4
-0.767	-2.711e-4
-0.768	-2.711e-4
-0.769	-2.708e-4
-0.770	-2.708e-4
-0.771	-2.708e-4
-0.772	-2.705e-4
-0.773	-2.705e-4
-0.774	-2.702e-4
-0.775	-2.702e-4
-0.776	-2.702e-4
-0.777	-2.699e-4
-0.778	-2.699e-4
-0.779	-2.699e-4
-0.780	-2.696e-4
-0.781	-2.696e-4
-0.782	-2.693e-4
-0.783	-2.693e-4
-0.784	-2.693e-4
-0.785	-2.690e-4
-0.786	-2.690e-4
-0.787	-2.690e-4
-0.788	-2.690e-4
-0.789	-2.687e-4
-0.790	-2.687e-4
-0.791	-2.687e-4
-0.792	-2.684e-4
-0.793	-2.684e-4
-0.794	-2.684e-4
-0.795	-2.681e-4
-0.796	-2.681e-4
-0.797	-2.681e-4
-0.798	-2.678e-4
-0.799	-2.678e-4
-0.800	-2.638e-4
-0.799	-2.616e-4
-0.798	-2.604e-4
-0.797	-2.592e-4
-0.796	-2.579e-4
-0.795	-2.570e-4
-0.794	-2.561e-4
-0.793	-2.552e-4
-0.792	-2.542e-4
-0.791	-2.533e-4
-0.790	-2.527e-4
-0.789	-2.518e-4
-0.788	-2.508e-4
-0.787	-2.499e-4
-0.786	-2.493e-4
-0.785	-2.487e-4
-0.784	-2.478e-4
-0.783	-2.472e-4
-0.782	-2.462e-4
-0.781	-2.459e-4
-0.780	-2.450e-4
-0.779	-2.444e-4
-0.778	-2.435e-4
-0.777	-2.429e-4
-0.776	-2.422e-4
-0.775	-2.416e-4
-0.774	-2.410e-4
-0.773	-2.401e-4
-0.772	-2.395e-4
-0.771	-2.389e-4
-0.770	-2.382e-4
-0.769	-2.376e-4
-0.768	-2.370e-4
-0.767	-2.364e-4
-0.766	-2.358e-4
-0.765	-2.352e-4
-0.764	-2.345e-4
-0.763	-2.339e-4
-0.762	-2.333e-4
-0.761	-2.327e-4
-0.760	-2.321e-4
-0.759	-2.315e-4
-0.758	-2.309e-4
-0.757	-2.305e-4
-0.756	-2.299e-4
-0.755	-2.293e-4
-0.754	-2.287e-4
-0.753	-2.281e-4
-0.752	-2.275e-4
-0.751	-2.269e-4
-0.750	-2.262e-4
-0.749	-2.259e-4
-0.748	-2.253e-4
-0.747	-2.247e-4
-0.746	-2.241e-4
-0.745	-2.238e-4
-0.744	-2.232e-4
-0.743	-2.226e-4
-0.742	-2.219e-4
-0.741	-2.216e-4
-0.740	-2.210e-4
-0.739	-2.204e-4
-0.738	-2.198e-4
-0.737	-2.192e-4
-0.736	-2.189e-4
-0.735	-2.182e-4
-0.734	-2.176e-4
-0.733	-2.173e-4
-0.732	-2.167e-4
-0.731	-2.161e-4
-0.730	-2.158e-4
-0.729	-2.152e-4
-0.728	-2.146e-4
-0.727	-2.142e-4
-0.726	-2.136e-4
-0.725	-2.130e-4
-0.724	-2.124e-4
-0.723	-2.121e-4
-0.722	-2.115e-4
-0.721	-2.109e-4
-0.720	-2.106e-4
-0.719	-2.099e-4
-0.718	-2.096e-4
-0.717	-2.090e-4
-0.716	-2.084e-4
-0.715	-2.081e-4
-0.714	-2.075e-4
-0.713	-2.069e-4
-0.712	-2.066e-4
-0.711	-2.059e-4
-0.710	-2.053e-4
-0.709	-2.050e-4
-0.708	-2.044e-4
-0.707	-2.041e-4
-0.706	-2.035e-4
-0.705	-2.029e-4
-0.704	-2.023e-4
-0.703	-2.019e-4
-0.702	-2.013e-4
-0.701	-2.010e-4
-0.700	-2.004e-4
-0.699	-1.998e-4
-0.698	-1.995e-4
-0.697	-1.989e-4
-0.696	-1.986e-4
-0.695	-1.979e-4
-0.694	-1.973e-4
-0.693	-1.970e-4
-0.692	-1.964e-4
-0.691	-1.958e-4
-0.690	-1.955e-4
-0.689	-1.949e-4
-0.688	-1.943e-4
-0.687	-1.939e-4
-0.686	-1.933e-4
-0.685	-1.930e-4
-0.684	-1.924e-4
-0.683	-1.918e-4
-0.682	-1.915e-4
-0.681	-1.909e-4
-0.680	-1.906e-4
-0.679	-1.899e-4
-0.678	-1.893e-4
-0.677	-1.890e-4
-0.676	-1.884e-4
-0.675	-1.878e-4
-0.674	-1.875e-4
-0.673	-1.869e-4
-0.672	-1.866e-4
-0.671	-1.859e-4
-0.670	-1.853e-4
-0.669	-1.850e-4
-0.668	-1.844e-4
-0.667	-1.841e-4
-0.666	-1.835e-4
-0.665	-1.829e-4
-0.664	-1.826e-4
-0.663	-1.820e-4
-0.662	-1.813e-4
-0.661	-1.810e-4
-0.660	-1.804e-4
-0.659	-1.801e-4
-0.658	-1.795e-4
-0.657	-1.789e-4
-0.656	-1.783e-4
-0.655	-1.780e-4
-0.654	-1.773e-4
-0.653	-1.770e-4
-0.652	-1.764e-4
-0.651	-1.758e-4
-0.650	-1.755e-4
-0.649	-1.749e-4
-0.648	-1.743e-4
-0.647	-1.740e-4
-0.646	-1.733e-4
-0.645	-1.727e-4
-0.644	-1.721e-4
-0.643	-1.718e-4
-0.642	-1.712e-4
-0.641	-1.706e-4
-0.640	-1.703e-4
-0.639	-1.696e-4
-0.638	-1.690e-4
-0.637	-1.684e-4
-0.636	-1.681e-4
-0.635	-1.675e-4
-0.634	-1.669e-4
-0.633	-1.663e-4
-0.632	-1.660e-4
-0.631	-1.653e-4
-0.630	-1.647e-4
-0.629	-1.641e-4
-0.628	-1.635e-4
-0.627	-1.632e-4
-0.626	-1.626e-4
-0.625	-1.620e-4
-0.624	-1.613e-4
-0.623	-1.610e-4
-0.622	-1.604e-4
-0.621	-1.598e-4
-0.620	-1.592e-4
-0.619	-1.586e-4
-0.618	-1.580e-4
-0.617	-1.573e-4
-0.616	-1.567e-4
-0.615	-1.561e-4
-0.614	-1.555e-4
-0.613	-1.552e-4
-0.612	-1.546e-4
-0.611	-1.540e-4
-0.610	-1.533e-4
-0.609	-1.527e-4
-0.608	-1.521e-4
-0.607	-1.515e-4
-0.606	-1.505e-4
-0.605	-1.500e-4
-0.604	-1.493e-4
-0.603	-1.488e-4
-0.602	-1.481e-4
-0.601	-1.475e-4
-0.600	-1.469e-4
-0.599	-1.463e-4
-0.598	-1.457e-4
-0.597	-1.451e-4
-0.596	-1.444e-4
-0.595	-1.437e-4
-0.594	-1.432e-4
-0.593	-1.425e-4
-0.592	-1.418e-4
-0.591	-1.412e-4
-0.590	-1.405e-4
-0.589	-1.398e-4
-0.588	-1.391e-4
-0.587	-1.386e-4
-0.586	-1.378e-4
-0.585	-1.371e-4
-0.584	-1.365e-4
-0.583	-1.358e-4
-0.582	-1.351e-4
-0.581	-1.344e-4
-0.580	-1.337e-4
-0.579	-1.330e-4
-0.578	-1.323e-4
-0.577	-1.315e-4
-0.576	-1.308e-4
-0.575	-1.301e-4
-0.574	-1.293e-4
-0.573	-1.286e-4
-0.572	-1.278e-4
-0.571	-1.270e-4
-0.570	-1.263e-4
-0.569	-1.255e-4
-0.568	-1.248e-4
-0.567	-1.240e-4
-0.566	-1.231e-4
-0.565	-1.224e-4
-0.564	-1.215e-4
-0.563	-1.207e-4
-0.562	-1.199e-4
-0.561	-1.191e-4
-0.560	-1.183e-4
-0.559	-1.174e-4
-0.558	-1.165e-4
-0.557	-1.157e-4
-0.556	-1.148e-4
-0.555	-1.139e-4
-0.554	-1.131e-4
-0.553	-1.121e-4
-0.552	-1.113e-4
-0.551	-1.103e-4
-0.550	-1.094e-4
-0.549	-1.084e-4
-0.548	-1.075e-4
-0.547	-1.066e-4
-0.546	-1.056e-4
-0.545	-1.046e-4
-0.544	-1.036e-4
-0.543	-1.027e-4
-0.542	-1.016e-4
-0.541	-1.007e-4
-0.540	-9.961e-5
-0.539	-9.860e-5
-0.538	-9.758e-5
-0.537	-9.644e-5
-0.536	-9.546e-5
-0.535	-9.435e-5
-0.534	-9.328e-5
-0.533	-9.220e-5
-0.532	-9.109e-5
-0.531	-8.995e-5
-0.530	-8.885e-5
-0.529	-8.771e-5
-0.528	-8.660e-5
-0.527	-8.540e-5
-0.526	-8.420e-5
-0.525	-8.303e-5
-0.524	-8.183e-5
-0.523	-8.063e-5
-0.522	-7.943e-5
-0.521	-7.817e-5
-0.520	-7.697e-5
-0.519	-7.571e-5
-0.518	-7.442e-5
-0.517	-7.319e-5
-0.516	-7.190e-5
-0.515	-7.061e-5
-0.514	-6.938e-5
-0.513	-6.796e-5
-0.512	-6.658e-5
-0.511	-6.532e-5
-0.510	-6.393e-5
-0.509	-6.264e-5
-0.508	-6.119e-5
-0.507	-5.987e-5
-0.506	-5.852e-5
-0.505	-5.704e-5
-0.504	-5.572e-5
-0.503	-5.427e-5
-0.502	-5.283e-5
-0.501	-5.141e-5
-0.500	-4.997e-5
-0.499	-4.846e-5
-0.498	-4.708e-5
-0.497	-4.554e-5
-0.496	-4.412e-5
-0.495	-4.259e-5
-0.494	-4.114e-5
-0.493	-3.957e-5
-0.492	-3.806e-5
-0.491	-3.653e-5
-0.490	-3.505e-5
-0.489	-3.342e-5
-0.488	-3.194e-5
-0.487	-3.034e-5
-0.486	-2.881e-5
-0.485	-2.721e-5
-0.484	-2.564e-5
-0.483	-2.398e-5
-0.482	-2.250e-5
-0.481	-2.078e-5
-0.480	-1.927e-5
-0.479	-1.758e-5
-0.478	-1.601e-5
-0.477	-1.432e-5
-0.476	-1.269e-5
-0.475	-1.090e-5
-0.474	-9.361e-6
-0.473	-7.700e-6
-0.472	-6.052e-6
-0.471	-4.409e-6
-0.470	-2.684e-6
-0.469	-1.069e-6
-0.468	6.903e-7
-0.467	2.351e-6
-0.466	4.021e-6
-0.465	5.722e-6
-0.464	7.414e-6
-0.463	9.100e-6
-0.462	1.085e-5
-0.461	1.256e-5
-0.460	1.430e-5
-0.459	1.597e-5
-0.458	1.771e-5
-0.457	1.945e-5
-0.456	2.112e-5
-0.455	2.288e-5
-0.454	2.462e-5
-0.453	2.631e-5
-0.452	2.810e-5
-0.451	2.981e-5
-0.450	3.160e-5
-0.449	3.326e-5
-0.448	3.495e-5
-0.447	3.671e-5
-0.446	3.843e-5
-0.445	4.015e-5
-0.444	4.194e-5
-0.443	4.363e-5
-0.442	4.538e-5
-0.441	4.713e-5
-0.440	4.883e-5
-0.439	5.058e-5
-0.438	5.233e-5
-0.437	5.402e-5
-0.436	5.578e-5
-0.435	5.753e-5
-0.434	5.922e-5
-0.433	6.101e-5
-0.432	6.264e-5
-0.431	6.442e-5
-0.430	6.614e-5
-0.429	6.783e-5
-0.428	6.956e-5
-0.427	7.125e-5
-0.426	7.291e-5
-0.425	7.469e-5
-0.424	7.629e-5
-0.423	7.805e-5
-0.422	7.974e-5
-0.421	8.143e-5
-0.420	8.312e-5
-0.419	8.478e-5
-0.418	8.641e-5
-0.417	8.810e-5
-0.416	8.973e-5
-0.415	9.143e-5
-0.414	9.309e-5
-0.413	9.469e-5
-0.412	9.638e-5
-0.411	9.795e-5
-0.410	9.964e-5
-0.409	1.013e-4
-0.408	1.028e-4
-0.407	1.044e-4
-0.406	1.061e-4
-0.405	1.076e-4
-0.404	1.092e-4
-0.403	1.108e-4
-0.402	1.123e-4
-0.401	1.139e-4
-0.400	1.154e-4
-0.399	1.169e-4
-0.398	1.185e-4
-0.397	1.200e-4
-0.396	1.215e-4
-0.395	1.230e-4
-0.394	1.245e-4
-0.393	1.260e-4
-0.392	1.275e-4
-0.391	1.289e-4
-0.390	1.304e-4
-0.389	1.317e-4
-0.388	1.333e-4
-0.387	1.346e-4
-0.386	1.360e-4
-0.385	1.374e-4
-0.384	1.389e-4
-0.383	1.402e-4
-0.382	1.416e-4
-0.381	1.429e-4
-0.380	1.442e-4
-0.379	1.455e-4
-0.378	1.469e-4
-0.377	1.481e-4
-0.376	1.493e-4
-0.375	1.507e-4
-0.374	1.519e-4
-0.373	1.530e-4
-0.372	1.544e-4
-0.371	1.555e-4
-0.370	1.567e-4
-0.369	1.579e-4
-0.368	1.590e-4
-0.367	1.601e-4
-0.366	1.612e-4
-0.365	1.622e-4
-0.364	1.634e-4
-0.363	1.644e-4
-0.362	1.654e-4
-0.361	1.665e-4
-0.360	1.674e-4
-0.359	1.685e-4
-0.358	1.695e-4
-0.357	1.704e-4
-0.356	1.713e-4
-0.355	1.722e-4
-0.354	1.731e-4
-0.353	1.739e-4
-0.352	1.747e-4
-0.351	1.756e-4
-0.350	1.763e-4
-0.349	1.771e-4
-0.348	1.779e-4
-0.347	1.787e-4
-0.346	1.794e-4
-0.345	1.801e-4
-0.344	1.807e-4
-0.343	1.814e-4
-0.342	1.821e-4
-0.341	1.826e-4
-0.340	1.834e-4
-0.339	1.839e-4
-0.338	1.844e-4
-0.337	1.850e-4
-0.336	1.855e-4
-0.335	1.860e-4
-0.334	1.865e-4
-0.333	1.870e-4
-0.332	1.875e-4
-0.331	1.879e-4
-0.330	1.883e-4
-0.329	1.888e-4
-0.328	1.891e-4
-0.327	1.895e-4
-0.326	1.899e-4
-0.325	1.902e-4
-0.324	1.906e-4
-0.323	1.909e-4
-0.322	1.912e-4
-0.321	1.915e-4
-0.320	1.918e-4
-0.319	1.920e-4
-0.318	1.923e-4
-0.317	1.925e-4
-0.316	1.928e-4
-0.315	1.930e-4
-0.314	1.932e-4
-0.313	1.934e-4
-0.312	1.936e-4
-0.311	1.938e-4
-0.310	1.940e-4
-0.309	1.941e-4
-0.308	1.943e-4
-0.307	1.946e-4
-0.306	1.947e-4
-0.305	1.949e-4
-0.304	1.949e-4
-0.303	1.951e-4
-0.302	1.952e-4
-0.301	1.954e-4
-0.300	1.955e-4
-0.299	1.956e-4
-0.298	1.957e-4
-0.297	1.958e-4
-0.296	1.958e-4
-0.295	1.959e-4
-0.294	1.961e-4
-0.293	1.961e-4
-0.292	1.962e-4
-0.291	1.962e-4
-0.290	1.963e-4
-0.289	1.964e-4
-0.288	1.965e-4
-0.287	1.966e-4
-0.286	1.966e-4
-0.285	1.967e-4
-0.284	1.968e-4
-0.283	1.968e-4
-0.282	1.969e-4
-0.281	1.970e-4
-0.280	1.970e-4
-0.279	1.972e-4
-0.278	1.973e-4
-0.277	1.974e-4
-0.276	1.975e-4
-0.275	1.976e-4
-0.274	1.977e-4
-0.273	1.978e-4
-0.272	1.979e-4
-0.271	1.980e-4
-0.270	1.982e-4
-0.269	1.983e-4
-0.268	1.985e-4
-0.267	1.986e-4
-0.266	1.988e-4
-0.265	1.990e-4
-0.264	1.991e-4
-0.263	1.994e-4
-0.262	1.996e-4
-0.261	1.998e-4
-0.260	2.000e-4
-0.259	2.002e-4
-0.258	2.004e-4
-0.257	2.007e-4
-0.256	2.010e-4
-0.255	2.012e-4
-0.254	2.014e-4
-0.253	2.017e-4
-0.252	2.020e-4
-0.251	2.022e-4
-0.250	2.026e-4
-0.249	2.028e-4
-0.248	2.031e-4
-0.247	2.034e-4
-0.246	2.037e-4
-0.245	2.040e-4
-0.244	2.043e-4
-0.243	2.046e-4
-0.242	2.050e-4
-0.241	2.053e-4
-0.240	2.056e-4
-0.239	2.060e-4
-0.238	2.063e-4
-0.237	2.066e-4
-0.236	2.070e-4
-0.235	2.074e-4
-0.234	2.077e-4
-0.233	2.080e-4
-0.232	2.084e-4
-0.231	2.087e-4
-0.230	2.091e-4
-0.229	2.094e-4
-0.228	2.098e-4
-0.227	2.102e-4
-0.226	2.106e-4
-0.225	2.109e-4
-0.224	2.113e-4
-0.223	2.116e-4
-0.222	2.120e-4
-0.221	2.123e-4
-0.220	2.127e-4
-0.219	2.131e-4
-0.218	2.134e-4
-0.217	2.138e-4
-0.216	2.142e-4
-0.215	2.145e-4
-0.214	2.149e-4
-0.213	2.152e-4
-0.212	2.156e-4
-0.211	2.159e-4
-0.210	2.162e-4
-0.209	2.166e-4
-0.208	2.169e-4
-0.207	2.173e-4
-0.206	2.176e-4
-0.205	2.180e-4
-0.204	2.183e-4
-0.203	2.187e-4
-0.202	2.190e-4
-0.201	2.193e-4
-0.200	2.196e-4
-0.199	2.200e-4
-0.198	2.203e-4
-0.197	2.206e-4
-0.196	2.209e-4
-0.195	2.212e-4
-0.194	2.215e-4
-0.193	2.218e-4
-0.192	2.221e-4
-0.191	2.224e-4
-0.190	2.227e-4
-0.189	2.230e-4
-0.188	2.233e-4
-0.187	2.235e-4
-0.186	2.238e-4
-0.185	2.241e-4
-0.184	2.244e-4
-0.183	2.246e-4
-0.182	2.249e-4
-0.181	2.252e-4
-0.180	2.254e-4
-0.179	2.257e-4
-0.178	2.259e-4
-0.177	2.262e-4
-0.176	2.264e-4
-0.175	2.267e-4
-0.174	2.269e-4
-0.173	2.271e-4
-0.172	2.274e-4
-0.171	2.276e-4
-0.170	2.279e-4
-0.169	2.281e-4
-0.168	2.283e-4
-0.167	2.285e-4
-0.166	2.288e-4
-0.165	2.290e-4
-0.164	2.293e-4
-0.163	2.294e-4
-0.162	2.296e-4
-0.161	2.299e-4
-0.160	2.301e-4
-0.159	2.303e-4
-0.158	2.305e-4
-0.157	2.307e-4
-0.156	2.309e-4
-0.155	2.311e-4
-0.154	2.313e-4
-0.153	2.315e-4
-0.152	2.317e-4
-0.151	2.319e-4
-0.150	2.321e-4
-0.149	2.322e-4
-0.148	2.325e-4
-0.147	2.327e-4
-0.146	2.328e-4
-0.145	2.330e-4
-0.144	2.332e-4
-0.143	2.334e-4
-0.142	2.336e-4
-0.141	2.338e-4
-0.140	2.339e-4
-0.139	2.341e-4
-0.138	2.343e-4
-0.137	2.345e-4
-0.136	2.346e-4
-0.135	2.348e-4
-0.134	2.350e-4
-0.133	2.351e-4
-0.132	2.353e-4
-0.131	2.354e-4
-0.130	2.356e-4
-0.129	2.358e-4
-0.128	2.359e-4
-0.127	2.361e-4
-0.126	2.362e-4
-0.125	2.364e-4
-0.124	2.365e-4
-0.123	2.367e-4
-0.122	2.368e-4
-0.121	2.370e-4
-0.120	2.371e-4
-0.119	2.373e-4
-0.118	2.374e-4
-0.117	2.375e-4
-0.116	2.377e-4
-0.115	2.378e-4
-0.114	2.379e-4
-0.113	2.380e-4
-0.112	2.382e-4
-0.111	2.383e-4
-0.110	2.384e-4
-0.109	2.385e-4
-0.108	2.387e-4
-0.107	2.388e-4
-0.106	2.389e-4
-0.105	2.390e-4
-0.104	2.391e-4
-0.103	2.393e-4
-0.102	2.394e-4
-0.101	2.395e-4
-0.100	2.396e-4
-0.099	2.397e-4
-0.098	2.398e-4
-0.097	2.399e-4
-0.096	2.400e-4
-0.095	2.401e-4
-0.094	2.402e-4
-0.093	2.403e-4
-0.092	2.404e-4
-0.091	2.405e-4
-0.090	2.406e-4
-0.089	2.407e-4
-0.088	2.408e-4
-0.087	2.409e-4
-0.086	2.411e-4
-0.085	2.411e-4
-0.084	2.413e-4
-0.083	2.414e-4
-0.082	2.415e-4
-0.081	2.416e-4
-0.080	2.417e-4
-0.079	2.418e-4
-0.078	2.419e-4
-0.077	2.420e-4
-0.076	2.422e-4
-0.075	2.423e-4
-0.074	2.424e-4
-0.073	2.425e-4
-0.072	2.426e-4
-0.071	2.428e-4
-0.070	2.429e-4
-0.069	2.430e-4
-0.068	2.432e-4
-0.067	2.432e-4
-0.066	2.434e-4
-0.065	2.435e-4
-0.064	2.437e-4
-0.063	2.438e-4
-0.062	2.439e-4
-0.061	2.440e-4
-0.060	2.442e-4
-0.059	2.443e-4
-0.058	2.445e-4
-0.057	2.446e-4
-0.056	2.447e-4
-0.055	2.449e-4
-0.054	2.450e-4
-0.053	2.452e-4
-0.052	2.453e-4
-0.051	2.455e-4
-0.050	2.456e-4
-0.049	2.457e-4
-0.048	2.458e-4
-0.047	2.460e-4
-0.046	2.461e-4
-0.045	2.463e-4
-0.044	2.464e-4
-0.043	2.465e-4
-0.042	2.467e-4
-0.041	2.468e-4
-0.040	2.469e-4
-0.039	2.471e-4
-0.038	2.472e-4
-0.037	2.474e-4
-0.036	2.475e-4
-0.035	2.476e-4
-0.034	2.478e-4
-0.033	2.479e-4
-0.032	2.480e-4
-0.031	2.482e-4
-0.030	2.483e-4
-0.029	2.485e-4
-0.028	2.486e-4
-0.027	2.488e-4
-0.026	2.489e-4
-0.025	2.491e-4
-0.024	2.492e-4
-0.023	2.493e-4
-0.022	2.495e-4
-0.021	2.496e-4
-0.020	2.497e-4
-0.019	2.499e-4
-0.018	2.500e-4
-0.017	2.502e-4
-0.016	2.503e-4
-0.015	2.504e-4
-0.014	2.506e-4
-0.013	2.507e-4
-0.012	2.509e-4
-0.011	2.511e-4
-0.010	2.512e-4
-0.009	2.513e-4
-0.008	2.515e-4
-0.007	2.516e-4
-0.006	2.518e-4
-0.005	2.520e-4
-0.004	2.521e-4
-0.003	2.523e-4
-0.002	2.524e-4
-0.001	2.526e-4
-0.000	2.528e-4
0.001	2.530e-4
0.002	2.531e-4
0.003	2.533e-4
0.004	2.534e-4
0.005	2.536e-4
0.006	2.537e-4
0.007	2.539e-4
0.008	2.540e-4
0.009	2.541e-4
0.010	2.543e-4
0.011	2.544e-4
0.012	2.546e-4
0.013	2.547e-4
0.014	2.549e-4
0.015	2.550e-4
0.016	2.552e-4
0.017	2.553e-4
0.018	2.555e-4
0.019	2.556e-4
0.020	2.558e-4
0.021	2.559e-4
0.022	2.560e-4
0.023	2.562e-4
0.024	2.563e-4
0.025	2.564e-4
0.026	2.566e-4
0.027	2.567e-4
0.028	2.568e-4
0.029	2.570e-4
0.030	2.571e-4
0.031	2.573e-4
0.032	2.574e-4
0.033	2.575e-4
0.034	2.577e-4
0.035	2.578e-4
0.036	2.579e-4
0.037	2.581e-4
0.038	2.582e-4
0.039	2.584e-4
0.040	2.585e-4
0.041	2.587e-4
0.042	2.588e-4
0.043	2.589e-4
0.044	2.591e-4
0.045	2.592e-4
0.046	2.593e-4
0.047	2.595e-4
0.048	2.596e-4
0.049	2.598e-4
0.050	2.599e-4
0.051	2.600e-4
0.052	2.602e-4
0.053	2.603e-4
0.054	2.605e-4
0.055	2.606e-4
0.056	2.607e-4
0.057	2.609e-4
0.058	2.611e-4
0.059	2.612e-4
0.060	2.614e-4
0.061	2.615e-4
0.062	2.616e-4
0.063	2.618e-4
0.064	2.619e-4
0.065	2.621e-4
0.066	2.623e-4
0.067	2.624e-4
0.068	2.626e-4
0.069	2.627e-4
0.070	2.628e-4
0.071	2.631e-4
0.072	2.632e-4
0.073	2.634e-4
0.074	2.635e-4
0.075	2.637e-4
0.076	2.639e-4
0.077	2.640e-4
0.078	2.642e-4
0.079	2.644e-4
0.080	2.645e-4
0.081	2.647e-4
0.082	2.649e-4
0.083	2.651e-4
0.084	2.653e-4
0.085	2.654e-4
0.086	2.656e-4
0.087	2.658e-4
0.088	2.659e-4
0.089	2.662e-4
0.090	2.664e-4
0.091	2.666e-4
0.092	2.668e-4
0.093	2.670e-4
0.094	2.671e-4
0.095	2.674e-4
0.096	2.675e-4
0.097	2.678e-4
0.098	2.680e-4
0.099	2.682e-4
0.100	2.657e-4
0.099	2.603e-4
0.098	2.556e-4
0.097	2.512e-4
0.096	2.470e-4
0.095	2.429e-4
0.094	2.391e-4
0.093	2.354e-4
0.092	2.318e-4
0.091	2.283e-4
0.090	2.249e-4
0.089	2.217e-4
0.088	2.185e-4
0.087	2.154e-4
0.086	2.124e-4
0.085	2.095e-4
0.084	2.066e-4
0.083	2.039e-4
0.082	2.011e-4
0.081	1.985e-4
0.080	1.959e-4
0.079	1.934e-4
0.078	1.910e-4
0.077	1.886e-4
0.076	1.862e-4
0.075	1.839e-4
0.074	1.817e-4
0.073	1.795e-4
0.072	1.773e-4
0.071	1.752e-4
0.070	1.731e-4
0.069	1.711e-4
0.068	1.691e-4
0.067	1.672e-4
0.066	1.652e-4
0.065	1.634e-4
0.064	1.615e-4
0.063	1.597e-4
0.062	1.580e-4
0.061	1.562e-4
0.060	1.544e-4
0.059	1.528e-4
0.058	1.511e-4
0.057	1.494e-4
0.056	1.478e-4
0.055	1.462e-4
0.054	1.447e-4
0.053	1.431e-4
0.052	1.416e-4
0.051	1.401e-4
0.050	1.386e-4
0.049	1.371e-4
0.048	1.357e-4
0.047	1.342e-4
0.046	1.328e-4
0.045	1.315e-4
0.044	1.301e-4
0.043	1.287e-4
0.042	1.274e-4
0.041	1.260e-4
0.040	1.247e-4
0.039	1.234e-4
0.038	1.221e-4
0.037	1.209e-4
0.036	1.196e-4
0.035	1.184e-4
0.034	1.171e-4
0.033	1.159e-4
0.032	1.147e-4
0.031	1.135e-4
0.030	1.123e-4
0.029	1.111e-4
0.028	1.099e-4
0.027	1.088e-4
0.026	1.077e-4
0.025	1.065e-4
0.024	1.054e-4
0.023	1.042e-4
0.022	1.031e-4
0.021	1.020e-4
0.020	1.009e-4
0.019	9.985e-5
0.018	9.878e-5
0.017	9.773e-5
0.016	9.665e-5
0.015	9.561e-5
0.014	9.459e-5
0.013	9.352e-5
0.012	9.253e-5
0.011	9.149e-5
0.010	9.050e-5
0.009	8.946e-5
0.008	8.850e-5
0.007	8.749e-5
0.006	8.654e-5
0.005	8.555e-5
0.004	8.457e-5
0.003	8.364e-5
0.002	8.269e-5
0.001	8.177e-5
0.000	8.075e-5
-0.001	7.986e-5
-0.002	7.894e-5
-0.003	7.805e-5
-0.004	7.712e-5
-0.005	7.626e-5
-0.006	7.537e-5
-0.007	7.448e-5
-0.008	7.362e-5
-0.009	7.276e-5
-0.010	7.189e-5
-0.011	7.106e-5
-0.012	7.020e-5
-0.013	6.937e-5
-0.014	6.854e-5
-0.015	6.774e-5
-0.016	6.694e-5
-0.017	6.614e-5
-0.018	6.534e-5
-0.019	6.454e-5
-0.020	6.374e-5
-0.021	6.301e-5
-0.022	6.224e-5
-0.023	6.144e-5
-0.024	6.070e-5
-0.025	5.996e-5
-0.026	5.919e-5
-0.027	5.845e-5
-0.028	5.775e-5
-0.029	5.701e-5
-0.030	5.627e-5
-0.031	5.559e-5
-0.032	5.489e-5
-0.033	5.415e-5
-0.034	5.344e-5
-0.035	5.279e-5
-0.036	5.206e-5
-0.037	5.141e-5
-0.038	5.073e-5
-0.039	5.009e-5
-0.040	4.941e-5
-0.041	4.873e-5
-0.042	4.809e-5
-0.043	4.744e-5
-0.044	4.680e-5
-0.045	4.612e-5
-0.046	4.550e-5
-0.047	4.486e-5
-0.048	4.424e-5
-0.049	4.363e-5
-0.050	4.298e-5
-0.051	4.237e-5
-0.052	4.175e-5
-0.053	4.114e-5
-0.054	4.055e-5
-0.055	3.994e-5
-0.056	3.935e-5
-0.057	3.877e-5
-0.058	3.815e-5
-0.059	3.760e-5
-0.060	3.702e-5
-0.061	3.643e-5
-0.062	3.588e-5
-0.063	3.529e-5
-0.064	3.477e-5
-0.065	3.419e-5
-0.066	3.363e-5
-0.067	3.311e-5
-0.068	3.256e-5
-0.069	3.203e-5
-0.070	3.148e-5
-0.071	3.093e-5
-0.072	3.043e-5
-0.073	2.988e-5
-0.074	2.939e-5
-0.075	2.886e-5
-0.076	2.834e-5
-0.077	2.785e-5
-0.078	2.733e-5
-0.079	2.683e-5
-0.080	2.634e-5
-0.081	2.585e-5
-0.082	2.539e-5
-0.083	2.490e-5
-0.084	2.440e-5
-0.085	2.397e-5
-0.086	2.348e-5
-0.087	2.302e-5
-0.088	2.256e-5
-0.089	2.207e-5
-0.090	2.164e-5
-0.091	2.121e-5
-0.092	2.074e-5
-0.093	2.034e-5
-0.094	1.991e-5
-0.095	1.945e-5
-0.096	1.908e-5
-0.097	1.862e-5
-0.098	1.822e-5
-0.099	1.782e-5
-0.100	1.739e-5
-0.101	1.702e-5
-0.102	1.659e-5
-0.103	1.619e-5
-0.104	1.585e-5
-0.105	1.542e-5
-0.106	1.505e-5
-0.107	1.469e-5
-0.108	1.432e-5
-0.109	1.395e-5
-0.110	1.359e-5
-0.111	1.326e-5
-0.112	1.291e-5
-0.113	1.256e-5
-0.114	1.221e-5
-0.115	1.186e-5
-0.116	1.153e-5
-0.117	1.117e-5
-0.118	1.085e-5
-0.119	1.051e-5
-0.120	1.019e-5
-0.121	9.844e-6
-0.122	9.524e-6
-0.123	9.213e-6
-0.124	8.878e-6
-0.125	8.583e-6
-0.126	8.254e-6
-0.127	7.958e-6
-0.128	7.639e-6
-0.129	7.331e-6
-0.130	7.039e-6
-0.131	6.722e-6
-0.132	6.445e-6
-0.133	6.122e-6
-0.134	5.842e-6
-0.135	5.541e-6
-0.136	5.258e-6
-0.137	4.975e-6
-0.138	4.670e-6
-0.139	4.415e-6
-0.140	4.098e-6
-0.141	3.834e-6
-0.142	3.557e-6
-0.143	3.265e-6
-0.144	3.006e-6
-0.145	2.711e-6
-0.146	2.431e-6
-0.147	2.179e-6
-0.148	1.881e-6
-0.149	1.616e-6
-0.150	1.361e-6
-0.151	1.069e-6
-0.152	8.134e-7
-0.153	5.239e-7
-0.154	2.705e-7
-0.155	9.978e-9
-0.156	-2.490e-7
-0.157	-5.111e-7
-0.158	-7.734e-7
-0.159	-1.029e-6
-0.160	-1.310e-6
-0.161	-1.575e-6
-0.162	-1.812e-6
-0.163	-2.092e-6
-0.164	-2.357e-6
-0.165	-2.596e-6
-0.166	-2.908e-6
-0.167	-3.133e-6
-0.168	-3.382e-6
-0.169	-3.677e-6
-0.170	-3.917e-6
-0.171	-4.163e-6
-0.172	-4.437e-6
-0.173	-4.692e-6
-0.174	-4.938e-6
-0.175	-5.221e-6
-0.176	-5.467e-6
-0.177	-5.726e-6
-0.178	-6.003e-6
-0.179	-6.242e-6
-0.180	-6.510e-6
-0.181	-6.784e-6
-0.182	-7.033e-6
-0.183	-7.301e-6
-0.184	-7.559e-6
-0.185	-7.817e-6
-0.186	-8.094e-6
-0.187	-8.343e-6
-0.188	-8.611e-6
-0.189	-8.882e-6
-0.190	-9.128e-6
-0.191	-9.411e-6
-0.192	-9.684e-6
-0.193	-9.930e-6
-0.194	-1.022e-5
-0.195	-1.047e-5
-0.196	-1.075e-5
-0.197	-1.103e-5
-0.198	-1.128e-5
-0.199	-1.158e-5
-0.200	-1.181e-5
-0.201	-1.210e-5
-0.202	-1.238e-5
-0.203	-1.262e-5
-0.204	-1.293e-5
-0.205	-1.320e-5
-0.206	-1.346e-5
-0.207	-1.376e-5
-0.208	-1.400e-5
-0.209	-1.430e-5
-0.210	-1.457e-5
-0.211	-1.483e-5
-0.212	-1.513e-5
-0.213	-1.540e-5
-0.214	-1.565e-5
-0.215	-1.596e-5
-0.216	-1.622e-5
-0.217	-1.649e-5
-0.218	-1.679e-5
-0.219	-1.704e-5
-0.220	-1.732e-5
-0.221	-1.761e-5
-0.222	-1.788e-5
-0.223	-1.815e-5
-0.224	-1.844e-5
-0.225	-1.871e-5
-0.226	-1.898e-5
-0.227	-1.927e-5
-0.228	-1.954e-5
-0.229	-1.982e-5
-0.230	-2.012e-5
-0.231	-2.038e-5
-0.232	-2.065e-5
-0.233	-2.096e-5
-0.234	-2.123e-5
-0.235	-2.148e-5
-0.236	-2.180e-5
-0.237	-2.207e-5
-0.238	-2.233e-5
-0.239	-2.263e-5
-0.240	-2.292e-5
-0.241	-2.320e-5
-0.242	-2.349e-5
-0.243	-2.378e-5
-0.244	-2.405e-5
-0.245	-2.435e-5
-0.246	-2.464e-5
-0.247	-2.493e-5
-0.248	-2.520e-5
-0.249	-2.553e-5
-0.250	-2.582e-5
-0.251	-2.609e-5
-0.252	-2.642e-5
-0.253	-2.670e-5
-0.254	-2.700e-5
-0.255	-2.732e-5
-0.256	-2.760e-5
-0.257	-2.793e-5
-0.258	-2.823e-5
-0.259	-2.852e-5
-0.260	-2.886e-5
-0.261	-2.915e-5
-0.262	-2.947e-5
-0.263	-2.980e-5
-0.264	-3.016e-5
-0.265	-3.047e-5
-0.266	-3.078e-5
-0.267	-3.108e-5
-0.268	-3.145e-5
-0.269	-3.176e-5
-0.270	-3.207e-5
-0.271	-3.244e-5
-0.272	-3.274e-5
-0.273	-3.308e-5
-0.274	-3.342e-5
-0.275	-3.376e-5
-0.276	-3.410e-5
-0.277	-3.444e-5
-0.278	-3.477e-5
-0.279	-3.511e-5
-0.280	-3.548e-5
-0.281	-3.582e-5
-0.282	-3.616e-5
-0.283	-3.653e-5
-0.284	-3.687e-5
-0.285	-3.723e-5
-0.286	-3.760e-5
-0.287	-3.794e-5
-0.288	-3.831e-5
-0.289	-3.868e-5
-0.290	-3.902e-5
-0.291	-3.942e-5
-0.292	-3.979e-5
-0.293	-4.016e-5
-0.294	-4.053e-5
-0.295	-4.089e-5
-0.296	-4.126e-5
-0.297	-4.166e-5
-0.298	-4.200e-5
-0.299	-4.243e-5
-0.300	-4.277e-5
-0.301	-4.317e-5
-0.302	-4.357e-5
-0.303	-4.394e-5
-0.304	-4.434e-5
-0.305	-4.474e-5
-0.306	-4.514e-5
-0.307	-4.557e-5
-0.308	-4.594e-5
-0.309	-4.637e-5
-0.310	-4.674e-5
-0.311	-4.717e-5
-0.312	-4.757e-5
-0.313	-4.797e-5
-0.314	-4.840e-5
-0.315	-4.883e-5
-0.316	-4.923e-5
-0.317	-4.966e-5
-0.318	-5.009e-5
-0.319	-5.052e-5
-0.320	-5.095e-5
-0.321	-5.138e-5
-0.322	-5.184e-5
-0.323	-5.224e-5
-0.324	-5.271e-5
-0.325	-5.317e-5
-0.326	-5.360e-5
-0.327	-5.409e-5
-0.328	-5.452e-5
-0.329	-5.498e-5
-0.330	-5.547e-5
-0.331	-5.594e-5
-0.332	-5.643e-5
-0.333	-5.692e-5
-0.334	-5.738e-5
-0.335	-5.787e-5
-0.336	-5.836e-5
-0.337	-5.886e-5
-0.338	-5.938e-5
-0.339	-5.984e-5
-0.340	-6.039e-5
-0.341	-6.092e-5
-0.342	-6.141e-5
-0.343	-6.199e-5
-0.344	-6.249e-5
-0.345	-6.307e-5
-0.346	-6.362e-5
-0.347	-6.415e-5
-0.348	-6.476e-5
-0.349	-6.529e-5
-0.350	-6.587e-5
-0.351	-6.649e-5
-0.352	-6.707e-5
-0.353	-6.772e-5
-0.354	-6.827e-5
-0.355	-6.891e-5
-0.356	-6.956e-5
-0.357	-7.018e-5
-0.358	-7.085e-5
-0.359	-7.150e-5
-0.360	-7.214e-5
-0.361	-7.285e-5
-0.362	-7.350e-5
-0.363	-7.421e-5
-0.364	-7.491e-5
-0.365	-7.559e-5
-0.366	-7.633e-5
-0.367	-7.707e-5
-0.368	-7.780e-5
-0.369	-7.857e-5
-0.370	-7.934e-5
-0.371	-8.014e-5
-0.372	-8.094e-5
-0.373	-8.174e-5
-0.374	-8.257e-5
-0.375	-8.337e-5
-0.376	-8.423e-5
-0.377	-8.512e-5
-0.378	-8.599e-5
-0.379	-8.691e-5
-0.380	-8.780e-5
-0.381	-8.872e-5
-0.382	-8.965e-5
-0.383	-9.063e-5
-0.384	-9.161e-5
-0.385	-9.260e-5
-0.386	-9.361e-5
-0.387	-9.463e-5
-0.388	-9.571e-5
-0.389	-9.675e-5
-0.390	-9.789e-5
-0.391	-9.900e-5
-0.392	-1.001e-4
-0.393	-1.013e-4
-0.394	-1.025e-4
-0.395	-1.037e-4
-0.396	-1.049e-4
-0.397	-1.062e-4
-0.398	-1.074e-4
-0.399	-1.087e-4
-0.400	-1.101e-4
-0.401	-1.115e-4
-0.402	-1.128e-4
-0.403	-1.143e-4
-0.404	-1.157e-4
-0.405	-1.172e-4
-0.406	-1.187e-4
-0.407	-1.202e-4
-0.408	-1.218e-4
-0.409	-1.234e-4
-0.410	-1.251e-4
-0.411	-1.268e-4
-0.412	-1.285e-4
-0.413	-1.302e-4
-0.414	-1.320e-4
-0.415	-1.338e-4
-0.416	-1.357e-4
-0.417	-1.376e-4
-0.418	-1.395e-4
-0.419	-1.415e-4
-0.420	-1.436e-4
-0.421	-1.456e-4
-0.422	-1.477e-4
-0.423	-1.499e-4
-0.424	-1.521e-4
-0.425	-1.544e-4
-0.426	-1.567e-4
-0.427	-1.590e-4
-0.428	-1.614e-4
-0.429	-1.639e-4
-0.430	-1.664e-4
-0.431	-1.689e-4
-0.432	-1.715e-4
-0.433	-1.742e-4
-0.434	-1.769e-4
-0.435	-1.797e-4
-0.436	-1.825e-4
-0.437	-1.854e-4
-0.438	-1.883e-4
-0.439	-1.913e-4
-0.440	-1.943e-4
-0.441	-1.975e-4
-0.442	-2.007e-4
-0.443	-2.039e-4
-0.444	-2.073e-4
-0.445	-2.106e-4
-0.446	-2.141e-4
-0.447	-2.176e-4
-0.448	-2.211e-4
-0.449	-2.248e-4
-0.450	-2.285e-4
-0.451	-2.323e-4
-0.452	-2.362e-4
-0.453	-2.401e-4
-0.454	-2.441e-4
-0.455	-2.482e-4
-0.456	-2.524e-4
-0.457	-2.566e-4
-0.458	-2.609e-4
-0.459	-2.653e-4
-0.460	-2.698e-4
-0.461	-2.743e-4
-0.462	-2.790e-4
-0.463	-2.837e-4
-0.464	-2.885e-4
-0.465	-2.934e-4
-0.466	-2.982e-4
-0.467	-3.033e-4
-0.468	-3.090e-4
-0.469	-3.142e-4
-0.470	-3.194e-4
-0.471	-3.250e-4
-0.472	-3.302e-4
-0.473	-3.357e-4
-0.474	-3.413e-4
-0.475	-3.468e-4
-0.476	-3.527e-4
-0.477	-3.582e-4
-0.478	-3.640e-4
-0.479	-3.699e-4
-0.480	-3.760e-4
-0.481	-3.819e-4
-0.482	-3.877e-4
-0.483	-3.939e-4
-0.484	-4.000e-4
-0.485	-4.062e-4
-0.486	-4.123e-4
-0.487	-4.185e-4
-0.488	-4.246e-4
-0.489	-4.308e-4
-0.490	-4.366e-4
-0.491	-4.428e-4
-0.492	-4.489e-4
-0.493	-4.551e-4
-0.494	-4.612e-4
-0.495	-4.671e-4
-0.496	-4.732e-4
-0.497	-4.791e-4
-0.498	-4.849e-4
-0.499	-4.908e-4
-0.500	-4.963e-4
-0.501	-5.018e-4
-0.502	-5.074e-4
-0.503	-5.126e-4
-0.504	-5.178e-4
-0.505	-5.231e-4
-0.506	-5.280e-4
-0.507	-5.326e-4
-0.508	-5.372e-4
-0.509	-5.415e-4
-0.510	-5.455e-4
-0.511	-5.495e-4
-0.512	-5.535e-4
-0.513	-5.569e-4
-0.514	-5.600e-4
-0.515	-5.630e-4
-0.516	-5.658e-4
-0.517	-5.683e-4
-0.518	-5.704e-4
-0.519	-5.723e-4
-0.520	-5.738e-4
-0.521	-5.750e-4
-0.522	-5.760e-4
-0.523	-5.766e-4
-0.524	-5.766e-4
-0.525	-5.766e-4
-0.526	-5.760e-4
-0.527	-5.750e-4
-0.528	-5.738e-4
-0.529	-5.723e-4
-0.530	-5.704e-4
-0.531	-5.680e-4
-0.532	-5.655e-4
-0.533	-5.621e-4
-0.534	-5.587e-4
-0.535	-5.550e-4
-0.536	-5.507e-4
-0.537	-5.464e-4
-0.538	-5.418e-4
-0.539	-5.366e-4
-0.540	-5.314e-4
-0.541	-5.258e-4
-0.542	-5.200e-4
-0.543	-5.141e-4
-0.544	-5.080e-4
-0.545	-5.018e-4
-0.546	-4.954e-4
-0.547	-4.889e-4
-0.548	-4.828e-4
-0.549	-4.763e-4
-0.550	-4.698e-4
-0.551	-4.637e-4
-0.552	-4.575e-4
-0.553	-4.517e-4
-0.554	-4.459e-4
-0.555	-4.403e-4
-0.556	-4.351e-4
-0.557	-4.302e-4
-0.558	-4.252e-4
-0.559	-4.209e-4
-0.560	-4.166e-4
-0.561	-4.129e-4
-0.562	-4.093e-4
-0.563	-4.062e-4
-0.564	-4.031e-4
-0.565	-4.003e-4
-0.566	-3.979e-4
-0.567	-3.957e-4
-0.568	-3.936e-4
-0.569	-3.917e-4
-0.570	-3.899e-4
-0.571	-3.883e-4
-0.572	-3.871e-4
-0.573	-3.856e-4
-0.574	-3.843e-4
-0.575	-3.831e-4
-0.576	-3.819e-4
-0.577	-3.810e-4
-0.578	-3.797e-4
-0.579	-3.788e-4
-0.580	-3.779e-4
-0.581	-3.766e-4
-0.582	-3.760e-4
-0.583	-3.751e-4
-0.584	-3.742e-4
-0.585	-3.736e-4
-0.586	-3.727e-4
-0.587	-3.720e-4
-0.588	-3.714e-4
-0.589	-3.708e-4
-0.590	-3.702e-4
-0.591	-3.699e-4
-0.592	-3.693e-4
-0.593	-3.690e-4
-0.594	-3.687e-4
-0.595	-3.683e-4
-0.596	-3.683e-4
-0.597	-3.680e-4
-0.598	-3.677e-4
-0.599	-3.677e-4
-0.600	-3.674e-4
-0.601	-3.674e-4
-0.602	-3.674e-4
-0.603	-3.674e-4
-0.604	-3.674e-4
-0.605	-3.674e-4
-0.606	-3.671e-4
-0.607	-3.674e-4
-0.608	-3.674e-4
-0.609	-3.674e-4
-0.610	-3.674e-4
-0.611	-3.674e-4
-0.612	-3.674e-4
-0.613	-3.674e-4
-0.614	-3.674e-4
-0.615	-3.674e-4
-0.616	-3.674e-4
-0.617	-3.674e-4
-0.618	-3.674e-4
-0.619	-3.674e-4
-0.620	-3.674e-4
-0.621	-3.674e-4
-0.622	-3.674e-4
-0.623	-3.674e-4
-0.624	-3.674e-4
-0.625	-3.674e-4
-0.626	-3.674e-4
-0.627	-3.671e-4
-0.628	-3.671e-4
-0.629	-3.671e-4
-0.630	-3.671e-4
-0.631	-3.668e-4
-0.632	-3.668e-4
-0.633	-3.668e-4
-0.634	-3.665e-4
-0.635	-3.665e-4
-0.636	-3.665e-4
-0.637	-3.662e-4
-0.638	-3.659e-4
-0.639	-3.659e-4
-0.640	-3.656e-4
-0.641	-3.656e-4
-0.642	-3.653e-4
-0.643	-3.650e-4
-0.644	-3.650e-4
-0.645	-3.647e-4
-0.646	-3.643e-4
-0.647	-3.640e-4
-0.648	-3.637e-4
-0.649	-3.634e-4
-0.650	-3.634e-4
-0.651	-3.628e-4
-0.652	-3.628e-4
-0.653	-3.622e-4
-0.654	-3.622e-4
-0.655	-3.616e-4
-0.656	-3.613e-4
-0.657	-3.610e-4
-0.658	-3.607e-4
-0.659	-3.600e-4
-0.660	-3.597e-4
-0.661	-3.594e-4
-0.662	-3.588e-4
-0.663	-3.585e-4
-0.664	-3.579e-4
-0.665	-3.576e-4
-0.666	-3.570e-4
-0.667	-3.567e-4
-0.668	-3.560e-4
-0.669	-3.557e-4
-0.670	-3.548e-4
-0.671	-3.545e-4
-0.672	-3.539e-4
-0.673	-3.533e-4
-0.674	-3.530e-4
-0.675	-3.524e-4
-0.676	-3.517e-4
-0.677	-3.511e-4
-0.678	-3.505e-4
-0.679	-3.499e-4
-0.680	-3.493e-4
-0.681	-3.487e-4
-0.682	-3.480e-4
-0.683	-3.474e-4
-0.684	-3.468e-4
-0.685	-3.459e-4
-0.686	-3.453e-4
-0.687	-3.447e-4
-0.688	-3.437e-4
-0.689	-3.431e-4
-0.690	-3.425e-4
-0.691	-3.419e-4
-0.692	-3.413e-4
-0.693	-3.404e-4
-0.694	-3.397e-4
-0.695	-3.391e-4
-0.696	-3.382e-4
-0.697	-3.376e-4
-0.698	-3.367e-4
-0.699	-3.360e-4
-0.700	-3.351e-4
-0.701	-3.345e-4
-0.702	-3.339e-4
-0.703	-3.330e-4
-0.704	-3.320e-4
-0.705	-3.314e-4
-0.706	-3.308e-4
-0.707	-3.299e-4
-0.708	-3.293e-4
-0.709	-3.284e-4
-0.710	-3.277e-4
-0.711	-3.268e-4
-0.712	-3.262e-4
-0.713	-3.253e-4
-0.714	-3.247e-4
-0.715	-3.237e-4
-0.716	-3.231e-4
-0.717	-3.222e-4
-0.718	-3.216e-4
-0.719	-3.210e-4
-0.720	-3.201e-4
-0.721	-3.194e-4
-0.722	-3.185e-4
-0.723	-3.179e-4
-0.724	-3.173e-4
-0.725	-3.164e-4
-0.726	-3.157e-4
-0.727	-3.148e-4
-0.728	-3.142e-4
-0.729	-3.136e-4
-0.730	-3.127e-4
-0.731	-3.121e-4
-0.732	-3.114e-4
-0.733	-3.105e-4
-0.734	-3.099e-4
-0.735	-3.093e-4
-0.736	-3.084e-4
-0.737	-3.078e-4
-0.738	-3.071e-4
-0.739	-3.065e-4
-0.740	-3.059e-4
-0.741	-3.053e-4
-0.742	-3.047e-4
-0.743	-3.041e-4
-0.744	-3.034e-4
-0.745	-3.028e-4
-0.746	-3.022e-4
-0.747	-3.013e-4
-0.748	-3.010e-4
-0.749	-3.004e-4
-0.750	-2.998e-4
-0.751	-2.991e-4
-0.752	-2.985e-4
-0.753	-2.979e-4
-0.754	-2.973e-4
-0.755	-2.967e-4
-0.756	-2.964e-4
-0.757	-2.958e-4
-0.758	-2.951e-4
-0.759	-2.945e-4
-0.760	-2.939e-4
-0.761	-2.936e-4
-0.762	-2.930e-4
-0.763	-2.924e-4
-0.764	-2.921e-4
-0.765	-2.914e-4
-0.766	-2.908e-4
-0.767	-2.905e-4
-0.768	-2.899e-4
-0.769	-2.893e-4
-0.770	-2.890e-4
-0.771	-2.884e-4
-0.772	-2.881e-4
-0.773	-2.875e-4
-0.774	-2.871e-4
-0.775	-2.865e-4
-0.776	-2.859e-4
-0.777	-2.856e-4
-0.778	-2.850e-4
-0.779	-2.847e-4
-0.780	-2.844e-4
-0.781	-2.838e-4
-0.782	-2.835e-4
-0.783	-2.828e-4
-0.784	-2.825e-4
-0.785	-2.822e-4
-0.786	-2.816e-4
-0.787	-2.813e-4
-0.788	-2.810e-4
-0.789	-2.804e-4
-0.790	-2.801e-4
-0.791	-2.798e-4
-0.792	-2.795e-4
-0.793	-2.788e-4
-0.794	-2.788e-4
-0.795	-2.782e-4
-0.796	-2.779e-4
-0.797	-2.776e-4
-0.798	-2.770e-4
-0.799	-2.767e-4
-0.800	-2.727e-4
-0.799	-2.699e-4
-0.798	-2.684e-4
-0.797	-2.668e-4
-0.796	-2.656e-4
-0.795	-2.641e-4
-0.794	-2.628e-4
-0.793	-2.616e-4
-0.792	-2.607e-4
-0.791	-2.595e-4
-0.790	-2.582e-4
-0.789	-2.573e-4
-0.788	-2.561e-4
-0.787	-2.552e-4
-0.786	-2.542e-4
-0.785	-2.530e-4
-0.784	-2.521e-4
-0.783	-2.512e-4
-0.782	-2.502e-4
-0.781	-2.493e-4
-0.780	-2.484e-4
-0.779	-2.475e-4
-0.778	-2.465e-4
-0.777	-2.456e-4
-0.776	-2.447e-4
-0.775	-2.438e-4
-0.774	-2.432e-4
-0.773	-2.422e-4
-0.772	-2.413e-4
-0.771	-2.404e-4
-0.770	-2.395e-4
-0.769	-2.389e-4
-0.768	-2.379e-4
-0.767	-2.370e-4
-0.766	-2.364e-4
-0.765	-2.355e-4
-0.764	-2.349e-4
-0.763	-2.339e-4
-0.762	-2.330e-4
-0.761	-2.324e-4
-0.760	-2.318e-4
-0.759	-2.309e-4
-0.758	-2.302e-4
-0.757	-2.293e-4
-0.756	-2.287e-4
-0.755	-2.281e-4
-0.754	-2.272e-4
-0.753	-2.266e-4
-0.752	-2.256e-4
-0.751	-2.250e-4
-0.750	-2.244e-4
-0.749	-2.235e-4
-0.748	-2.229e-4
-0.747	-2.222e-4
-0.746	-2.216e-4
-0.745	-2.210e-4
-0.744	-2.201e-4
-0.743	-2.195e-4
-0.742	-2.189e-4
-0.741	-2.182e-4
-0.740	-2.173e-4
-0.739	-2.170e-4
-0.738	-2.161e-4
-0.737	-2.155e-4
-0.736	-2.149e-4
-0.735	-2.142e-4
-0.734	-2.136e-4
-0.733	-2.130e-4
-0.732	-2.124e-4
-0.731	-2.118e-4
-0.730	-2.112e-4
-0.729	-2.102e-4
-0.728	-2.099e-4
-0.727	-2.093e-4
-0.726	-2.084e-4
-0.725	-2.078e-4
-0.724	-2.072e-4
-0.723	-2.066e-4
-0.722	-2.059e-4
-0.721	-2.056e-4
-0.720	-2.050e-4
-0.719	-2.044e-4
-0.718	-2.035e-4
-0.717	-2.032e-4
-0.716	-2.026e-4
-0.715	-2.019e-4
-0.714	-2.013e-4
-0.713	-2.007e-4
-0.712	-2.001e-4
-0.711	-1.995e-4
-0.710	-1.989e-4
-0.709	-1.983e-4
-0.708	-1.976e-4
-0.707	-1.970e-4
-0.706	-1.967e-4
-0.705	-1.958e-4
-0.704	-1.952e-4
-0.703	-1.949e-4
-0.702	-1.943e-4
-0.701	-1.936e-4
-0.700	-1.930e-4
-0.699	-1.924e-4
-0.698	-1.918e-4
-0.697	-1.915e-4
-0.696	-1.909e-4
-0.695	-1.903e-4
-0.694	-1.896e-4
-0.693	-1.893e-4
-0.692	-1.887e-4
-0.691	-1.881e-4
-0.690	-1.875e-4
-0.689	-1.869e-4
-0.688	-1.866e-4
-0.687	-1.859e-4
-0.686	-1.853e-4
-0.685	-1.847e-4
-0.684	-1.841e-4
-0.683	-1.838e-4
-0.682	-1.832e-4
-0.681	-1.826e-4
-0.680	-1.820e-4
-0.679	-1.816e-4
-0.678	-1.810e-4
-0.677	-1.804e-4
-0.676	-1.798e-4
-0.675	-1.792e-4
-0.674	-1.789e-4
-0.673	-1.783e-4
-0.672	-1.776e-4
-0.671	-1.773e-4
-0.670	-1.767e-4
-0.669	-1.761e-4
-0.668	-1.755e-4
-0.667	-1.752e-4
-0.666	-1.746e-4
-0.665	-1.740e-4
-0.664	-1.733e-4
-0.663	-1.730e-4
-0.662	-1.724e-4
-0.661	-1.718e-4
-0.660	-1.712e-4
-0.659	-1.706e-4
-0.658	-1.703e-4
-0.657	-1.696e-4
-0.656	-1.693e-4
-0.655	-1.687e-4
-0.654	-1.681e-4
-0.653	-1.675e-4
-0.652	-1.669e-4
-0.651	-1.666e-4
-0.650	-1.660e-4
-0.649	-1.653e-4
-0.648	-1.650e-4
-0.647	-1.644e-4
-0.646	-1.638e-4
-0.645	-1.632e-4
-0.644	-1.626e-4
-0.643	-1.623e-4
-0.642	-1.617e-4
-0.641	-1.610e-4
-0.640	-1.604e-4
-0.639	-1.601e-4
-0.638	-1.595e-4
-0.637	-1.589e-4
-0.636	-1.583e-4
-0.635	-1.577e-4
-0.634	-1.573e-4
-0.633	-1.567e-4
-0.632	-1.561e-4
-0.631	-1.555e-4
-0.630	-1.552e-4
-0.629	-1.546e-4
-0.628	-1.540e-4
-0.627	-1.533e-4
-0.626	-1.527e-4
-0.625	-1.521e-4
-0.624	-1.518e-4
-0.623	-1.505e-4
-0.622	-1.501e-4
-0.621	-1.496e-4
-0.620	-1.490e-4
-0.619	-1.484e-4
-0.618	-1.479e-4
-0.617	-1.473e-4
-0.616	-1.468e-4
-0.615	-1.462e-4
-0.614	-1.456e-4
-0.613	-1.450e-4
-0.612	-1.444e-4
-0.611	-1.438e-4
-0.610	-1.433e-4
-0.609	-1.427e-4
-0.608	-1.421e-4
-0.607	-1.416e-4
-0.606	-1.409e-4
-0.605	-1.404e-4
-0.604	-1.398e-4
-0.603	-1.392e-4
-0.602	-1.386e-4
-0.601	-1.380e-4
-0.600	-1.374e-4
-0.599	-1.368e-4
-0.598	-1.362e-4
-0.597	-1.356e-4
-0.596	-1.350e-4
-0.595	-1.343e-4
-0.594	-1.338e-4
-0.593	-1.331e-4
-0.592	-1.325e-4
-0.591	-1.319e-4
-0.590	-1.312e-4
-0.589	-1.306e-4
-0.588	-1.299e-4
-0.587	-1.292e-4
-0.586	-1.287e-4
-0.585	-1.280e-4
-0.584	-1.274e-4
-0.583	-1.267e-4
-0.582	-1.260e-4
-0.581	-1.254e-4
-0.580	-1.246e-4
-0.579	-1.240e-4
-0.578	-1.233e-4
-0.577	-1.226e-4
-0.576	-1.219e-4
-0.575	-1.213e-4
-0.574	-1.205e-4
-0.573	-1.198e-4
-0.572	-1.191e-4
-0.571	-1.183e-4
-0.570	-1.177e-4
-0.569	-1.169e-4
-0.568	-1.162e-4
-0.567	-1.154e-4
-0.566	-1.147e-4
-0.565	-1.139e-4
-0.564	-1.132e-4
-0.563	-1.123e-4
-0.562	-1.116e-4
-0.561	-1.108e-4
-0.560	-1.101e-4
-0.559	-1.092e-4
-0.558	-1.084e-4
-0.557	-1.076e-4
-0.556	-1.068e-4
-0.555	-1.060e-4
-0.554	-1.051e-4
-0.553	-1.043e-4
-0.552	-1.035e-4
-0.551	-1.026e-4
-0.550	-1.017e-4
-0.549	-1.008e-4
-0.548	-9.992e-5
-0.547	-9.903e-5
-0.546	-9.813e-5
-0.545	-9.721e-5
-0.544	-9.629e-5
-0.543	-9.537e-5
-0.542	-9.438e-5
-0.541	-9.349e-5
-0.540	-9.248e-5
-0.539	-9.149e-5
-0.538	-9.054e-5
-0.537	-8.955e-5
-0.536	-8.854e-5
-0.535	-8.752e-5
-0.534	-8.645e-5
-0.533	-8.549e-5
-0.532	-8.439e-5
-0.531	-8.331e-5
-0.530	-8.229e-5
-0.529	-8.119e-5
-0.528	-8.014e-5
-0.527	-7.897e-5
-0.526	-7.787e-5
-0.525	-7.676e-5
-0.524	-7.562e-5
-0.523	-7.442e-5
-0.522	-7.334e-5
-0.521	-7.214e-5
-0.520	-7.094e-5
-0.519	-6.984e-5
-0.518	-6.855e-5
-0.517	-6.735e-5
-0.516	-6.609e-5
-0.515	-6.489e-5
-0.514	-6.366e-5
-0.513	-6.233e-5
-0.512	-6.098e-5
-0.511	-5.978e-5
-0.510	-5.846e-5
-0.509	-5.717e-5
-0.508	-5.584e-5
-0.507	-5.449e-5
-0.506	-5.320e-5
-0.505	-5.178e-5
-0.504	-5.049e-5
-0.503	-4.911e-5
-0.502	-4.769e-5
-0.501	-4.634e-5
-0.500	-4.489e-5
-0.499	-4.348e-5
-0.498	-4.209e-5
-0.497	-4.065e-5
-0.496	-3.923e-5
-0.495	-3.776e-5
-0.494	-3.625e-5
-0.493	-3.484e-5
-0.492	-3.330e-5
-0.491	-3.185e-5
-0.490	-3.038e-5
-0.489	-2.875e-5
-0.488	-2.733e-5
-0.487	-2.579e-5
-0.486	-2.422e-5
-0.485	-2.272e-5
-0.484	-2.112e-5
-0.483	-1.958e-5
-0.482	-1.801e-5
-0.481	-1.638e-5
-0.480	-1.481e-5
-0.479	-1.318e-5
-0.478	-1.161e-5
-0.477	-9.860e-6
-0.476	-8.300e-6
-0.475	-6.716e-6
-0.474	-5.080e-6
-0.473	-3.425e-6
-0.472	-1.804e-6
-0.471	-2.109e-7
-0.470	1.518e-6
-0.469	3.133e-6
-0.468	4.836e-6
-0.467	6.528e-6
-0.466	8.174e-6
-0.465	9.872e-6
-0.464	1.154e-5
-0.463	1.328e-5
-0.462	1.495e-5
-0.461	1.669e-5
-0.460	1.842e-5
-0.459	2.006e-5
-0.458	2.179e-5
-0.457	2.354e-5
-0.456	2.523e-5
-0.455	2.697e-5
-0.454	2.875e-5
-0.453	3.053e-5
-0.452	3.219e-5
-0.451	3.391e-5
-0.450	3.560e-5
-0.449	3.738e-5
-0.448	3.908e-5
-0.447	4.086e-5
-0.446	4.258e-5
-0.445	4.427e-5
-0.444	4.615e-5
-0.443	4.781e-5
-0.442	4.960e-5
-0.441	5.138e-5
-0.440	5.307e-5
-0.439	5.482e-5
-0.438	5.661e-5
-0.437	5.833e-5
-0.436	6.011e-5
-0.435	6.190e-5
-0.434	6.362e-5
-0.433	6.540e-5
-0.432	6.710e-5
-0.431	6.885e-5
-0.430	7.060e-5
-0.429	7.242e-5
-0.428	7.414e-5
-0.427	7.586e-5
-0.426	7.758e-5
-0.425	7.931e-5
-0.424	8.103e-5
-0.423	8.278e-5
-0.422	8.451e-5
-0.421	8.623e-5
-0.420	8.792e-5
-0.419	8.967e-5
-0.418	9.136e-5
-0.417	9.306e-5
-0.416	9.478e-5
-0.415	9.647e-5
-0.414	9.816e-5
-0.413	9.985e-5
-0.412	1.015e-4
-0.411	1.032e-4
-0.410	1.050e-4
-0.409	1.067e-4
-0.408	1.083e-4
-0.407	1.099e-4
-0.406	1.116e-4
-0.405	1.132e-4
-0.404	1.149e-4
-0.403	1.165e-4
-0.402	1.181e-4
-0.401	1.198e-4
-0.400	1.213e-4
-0.399	1.230e-4
-0.398	1.245e-4
-0.397	1.261e-4
-0.396	1.278e-4
-0.395	1.293e-4
-0.394	1.309e-4
-0.393	1.325e-4
-0.392	1.339e-4
-0.391	1.355e-4
-0.390	1.371e-4
-0.389	1.386e-4
-0.388	1.401e-4
-0.387	1.417e-4
-0.386	1.431e-4
-0.385	1.447e-4
-0.384	1.461e-4
-0.383	1.476e-4
-0.382	1.491e-4
-0.381	1.504e-4
-0.380	1.519e-4
-0.379	1.533e-4
-0.378	1.547e-4
-0.377	1.562e-4
-0.376	1.574e-4
-0.375	1.588e-4
-0.374	1.602e-4
-0.373	1.615e-4
-0.372	1.629e-4
-0.371	1.642e-4
-0.370	1.654e-4
-0.369	1.668e-4
-0.368	1.680e-4
-0.367	1.693e-4
-0.366	1.705e-4
-0.365	1.717e-4
-0.364	1.730e-4
-0.363	1.741e-4
-0.362	1.753e-4
-0.361	1.765e-4
-0.360	1.775e-4
-0.359	1.787e-4
-0.358	1.798e-4
-0.357	1.808e-4
-0.356	1.820e-4
-0.355	1.830e-4
-0.354	1.840e-4
-0.353	1.851e-4
-0.352	1.860e-4
-0.351	1.870e-4
-0.350	1.880e-4
-0.349	1.888e-4
-0.348	1.898e-4
-0.347	1.907e-4
-0.346	1.916e-4
-0.345	1.925e-4
-0.344	1.932e-4
-0.343	1.941e-4
-0.342	1.948e-4
-0.341	1.956e-4
-0.340	1.964e-4
-0.339	1.971e-4
-0.338	1.978e-4
-0.337	1.985e-4
-0.336	1.991e-4
-0.335	1.998e-4
-0.334	2.004e-4
-0.333	2.010e-4
-0.332	2.016e-4
-0.331	2.022e-4
-0.330	2.026e-4
-0.329	2.032e-4
-0.328	2.037e-4
-0.327	2.042e-4
-0.326	2.046e-4
-0.325	2.050e-4
-0.324	2.055e-4
-0.323	2.058e-4
-0.322	2.062e-4
-0.321	2.066e-4
-0.320	2.069e-4
-0.319	2.073e-4
-0.318	2.075e-4
-0.317	2.078e-4
-0.316	2.081e-4
-0.315	2.084e-4
-0.314	2.086e-4
-0.313	2.089e-4
-0.312	2.090e-4
-0.311	2.093e-4
-0.310	2.095e-4
-0.309	2.097e-4
-0.308	2.099e-4
-0.307	2.101e-4
-0.306	2.102e-4
-0.305	2.104e-4
-0.304	2.104e-4
-0.303	2.106e-4
-0.302	2.107e-4
-0.301	2.108e-4
-0.300	2.110e-4
-0.299	2.110e-4
-0.298	2.110e-4
-0.297	2.111e-4
-0.296	2.111e-4
-0.295	2.112e-4
-0.294	2.113e-4
-0.293	2.113e-4
-0.292	2.114e-4
-0.291	2.114e-4
-0.290	2.114e-4
-0.289	2.114e-4
-0.288	2.114e-4
-0.287	2.114e-4
-0.286	2.114e-4
-0.285	2.114e-4
-0.284	2.114e-4
-0.283	2.114e-4
-0.282	2.114e-4
-0.281	2.115e-4
-0.280	2.114e-4
-0.279	2.114e-4
-0.278	2.114e-4
-0.277	2.114e-4
-0.276	2.115e-4
-0.275	2.114e-4
-0.274	2.115e-4
-0.273	2.115e-4
-0.272	2.115e-4
-0.271	2.115e-4
-0.270	2.115e-4
-0.269	2.116e-4
-0.268	2.117e-4
-0.267	2.117e-4
-0.266	2.117e-4
-0.265	2.118e-4
-0.264	2.118e-4
-0.263	2.120e-4
-0.262	2.121e-4
-0.261	2.122e-4
-0.260	2.123e-4
-0.259	2.124e-4
-0.258	2.125e-4
-0.257	2.126e-4
-0.256	2.128e-4
-0.255	2.129e-4
-0.254	2.131e-4
-0.253	2.132e-4
-0.252	2.134e-4
-0.251	2.136e-4
-0.250	2.138e-4
-0.249	2.140e-4
-0.248	2.142e-4
-0.247	2.144e-4
-0.246	2.146e-4
-0.245	2.148e-4
-0.244	2.151e-4
-0.243	2.153e-4
-0.242	2.156e-4
-0.241	2.158e-4
-0.240	2.161e-4
-0.239	2.163e-4
-0.238	2.166e-4
-0.237	2.169e-4
-0.236	2.172e-4
-0.235	2.174e-4
-0.234	2.177e-4
-0.233	2.180e-4
-0.232	2.182e-4
-0.231	2.186e-4
-0.230	2.189e-4
-0.229	2.191e-4
-0.228	2.194e-4
-0.227	2.197e-4
-0.226	2.201e-4
-0.225	2.204e-4
-0.224	2.207e-4
-0.223	2.210e-4
-0.222	2.213e-4
-0.221	2.216e-4
-0.220	2.220e-4
-0.219	2.223e-4
-0.218	2.225e-4
-0.217	2.229e-4
-0.216	2.232e-4
-0.215	2.235e-4
-0.214	2.238e-4
-0.213	2.241e-4
-0.212	2.245e-4
-0.211	2.248e-4
-0.210	2.251e-4
-0.209	2.254e-4
-0.208	2.257e-4
-0.207	2.261e-4
-0.206	2.264e-4
-0.205	2.267e-4
-0.204	2.270e-4
-0.203	2.273e-4
-0.202	2.276e-4
-0.201	2.280e-4
-0.200	2.282e-4
-0.199	2.285e-4
-0.198	2.289e-4
-0.197	2.291e-4
-0.196	2.295e-4
-0.195	2.297e-4
-0.194	2.300e-4
-0.193	2.303e-4
-0.192	2.306e-4
-0.191	2.309e-4
-0.190	2.311e-4
-0.189	2.314e-4
-0.188	2.317e-4
-0.187	2.319e-4
-0.186	2.322e-4
-0.185	2.325e-4
-0.184	2.327e-4
-0.183	2.330e-4
-0.182	2.333e-4
-0.181	2.335e-4
-0.180	2.337e-4
-0.179	2.340e-4
-0.178	2.342e-4
-0.177	2.345e-4
-0.176	2.347e-4
-0.175	2.349e-4
-0.174	2.352e-4
-0.173	2.353e-4
-0.172	2.356e-4
-0.171	2.358e-4
-0.170	2.360e-4
-0.169	2.363e-4
-0.168	2.364e-4
-0.167	2.366e-4
-0.166	2.369e-4
-0.165	2.370e-4
-0.164	2.372e-4
-0.163	2.374e-4
-0.162	2.376e-4
-0.161	2.378e-4
-0.160	2.380e-4
-0.159	2.382e-4
-0.158	2.384e-4
-0.157	2.385e-4
-0.156	2.387e-4
-0.155	2.389e-4
-0.154	2.391e-4
-0.153	2.392e-4
-0.152	2.394e-4
-0.151	2.396e-4
-0.150	2.397e-4
-0.149	2.399e-4
-0.148	2.401e-4
-0.147	2.402e-4
-0.146	2.404e-4
-0.145	2.405e-4
-0.144	2.406e-4
-0.143	2.408e-4
-0.142	2.410e-4
-0.141	2.411e-4
-0.140	2.412e-4
-0.139	2.413e-4
-0.138	2.415e-4
-0.137	2.416e-4
-0.136	2.418e-4
-0.135	2.419e-4
-0.134	2.421e-4
-0.133	2.422e-4
-0.132	2.424e-4
-0.131	2.424e-4
-0.130	2.426e-4
-0.129	2.427e-4
-0.128	2.428e-4
-0.127	2.430e-4
-0.126	2.431e-4
-0.125	2.432e-4
-0.124	2.433e-4
-0.123	2.434e-4
-0.122	2.436e-4
-0.121	2.437e-4
-0.120	2.438e-4
-0.119	2.439e-4
-0.118	2.440e-4
-0.117	2.441e-4
-0.116	2.443e-4
-0.115	2.444e-4
-0.114	2.445e-4
-0.113	2.446e-4
-0.112	2.447e-4
-0.111	2.448e-4
-0.110	2.449e-4
-0.109	2.450e-4
-0.108	2.452e-4
-0.107	2.452e-4
-0.106	2.453e-4
-0.105	2.454e-4
-0.104	2.455e-4
-0.103	2.456e-4
-0.102	2.457e-4
-0.101	2.459e-4
-0.100	2.459e-4
-0.099	2.460e-4
-0.098	2.461e-4
-0.097	2.462e-4
-0.096	2.463e-4
-0.095	2.464e-4
-0.094	2.465e-4
-0.093	2.466e-4
-0.092	2.467e-4
-0.091	2.468e-4
-0.090	2.468e-4
-0.089	2.470e-4
-0.088	2.470e-4
-0.087	2.471e-4
-0.086	2.472e-4
-0.085	2.473e-4
-0.084	2.474e-4
-0.083	2.475e-4
-0.082	2.476e-4
-0.081	2.477e-4
-0.080	2.477e-4
-0.079	2.479e-4
-0.078	2.479e-4
-0.077	2.480e-4
-0.076	2.481e-4
-0.075	2.482e-4
-0.074	2.484e-4
-0.073	2.484e-4
-0.072	2.485e-4
-0.071	2.486e-4
-0.070	2.488e-4
-0.069	2.489e-4
-0.068	2.490e-4
-0.067	2.491e-4
-0.066	2.492e-4
-0.065	2.493e-4
-0.064	2.494e-4
-0.063	2.495e-4
-0.062	2.496e-4
-0.061	2.497e-4
-0.060	2.499e-4
-0.059	2.500e-4
-0.058	2.501e-4
-0.057	2.502e-4
-0.056	2.503e-4
-0.055	2.504e-4
-0.054	2.506e-4
-0.053	2.507e-4
-0.052	2.508e-4
-0.051	2.510e-4
-0.050	2.511e-4
-0.049	2.512e-4
-0.048	2.513e-4
-0.047	2.515e-4
-0.046	2.516e-4
-0.045	2.517e-4
-0.044	2.519e-4
-0.043	2.520e-4
-0.042	2.522e-4
-0.041	2.523e-4
-0.040	2.524e-4
-0.039	2.526e-4
-0.038	2.527e-4
-0.037	2.528e-4
-0.036	2.530e-4
-0.035	2.532e-4
-0.034	2.533e-4
-0.033	2.534e-4
-0.032	2.536e-4
-0.031	2.537e-4
-0.030	2.539e-4
-0.029	2.540e-4
-0.028	2.542e-4
-0.027	2.543e-4
-0.026	2.544e-4
-0.025	2.546e-4
-0.024	2.548e-4
-0.023	2.549e-4
-0.022	2.551e-4
-0.021	2.552e-4
-0.020	2.554e-4
-0.019	2.555e-4
-0.018	2.556e-4
-0.017	2.558e-4
-0.016	2.559e-4
-0.015	2.561e-4
-0.014	2.562e-4
-0.013	2.564e-4
-0.012	2.565e-4
-0.011	2.567e-4
-0.010	2.568e-4
-0.009	2.570e-4
-0.008	2.571e-4
-0.007	2.572e-4
-0.006	2.574e-4
-0.005	2.575e-4
-0.004	2.576e-4
-0.003	2.578e-4
-0.002	2.579e-4
-0.001	2.580e-4
-0.000	2.583e-4
0.001	2.584e-4
0.002	2.586e-4
0.003	2.587e-4
0.004	2.588e-4
0.005	2.589e-4
0.006	2.591e-4
0.007	2.592e-4
0.008	2.593e-4
0.009	2.594e-4
0.010	2.595e-4
0.011	2.597e-4
0.012	2.598e-4
0.013	2.599e-4
0.014	2.600e-4
0.015	2.602e-4
0.016	2.603e-4
0.017	2.604e-4
0.018	2.605e-4
0.019	2.606e-4
0.020	2.608e-4
0.021	2.608e-4
0.022	2.610e-4
0.023	2.611e-4
0.024	2.612e-4
0.025	2.613e-4
0.026	2.614e-4
0.027	2.615e-4
0.028	2.617e-4
0.029	2.618e-4
0.030	2.619e-4
0.031	2.620e-4
0.032	2.621e-4
0.033	2.622e-4
0.034	2.623e-4
0.035	2.624e-4
0.036	2.626e-4
0.037	2.627e-4
0.038	2.628e-4
0.039	2.629e-4
0.040	2.630e-4
0.041	2.631e-4
0.042	2.632e-4
0.043	2.633e-4
0.044	2.635e-4
0.045	2.636e-4
0.046	2.637e-4
0.047	2.638e-4
0.048	2.639e-4
0.049	2.640e-4
0.050	2.641e-4
0.051	2.642e-4
0.052	2.644e-4
0.053	2.645e-4
0.054	2.646e-4
0.055	2.647e-4
0.056	2.648e-4
0.057	2.649e-4
0.058	2.650e-4
0.059	2.651e-4
0.060	2.653e-4
0.061	2.654e-4
0.062	2.655e-4
0.063	2.656e-4
0.064	2.657e-4
0.065	2.658e-4
0.066	2.659e-4
0.067	2.661e-4
0.068	2.662e-4
0.069	2.663e-4
0.070	2.664e-4
0.071	2.666e-4
0.072	2.667e-4
0.073	2.668e-4
0.074	2.670e-4
0.075	2.671e-4
0.076	2.672e-4
0.077	2.673e-4
0.078	2.675e-4
0.079	2.676e-4
0.080	2.677e-4
0.081	2.679e-4
0.082	2.680e-4
0.083	2.682e-4
0.084	2.683e-4
0.085	2.685e-4
0.086	2.686e-4
0.087	2.687e-4
0.088	2.689e-4
0.089	2.691e-4
0.090	2.692e-4
0.091	2.694e-4
0.092	2.695e-4
0.093	2.697e-4
0.094	2.699e-4
0.095	2.701e-4
0.096	2.702e-4
0.097	2.704e-4
0.098	2.706e-4
0.099	2.707e-4
0.100	2.682e-4
0.099	2.625e-4
0.098	2.576e-4
0.097	2.531e-4
0.096	2.487e-4
0.095	2.446e-4
0.094	2.406e-4
0.093	2.368e-4
0.092	2.331e-4
0.091	2.295e-4
0.090	2.261e-4
0.089	2.227e-4
0.088	2.195e-4
0.087	2.164e-4
0.086	2.133e-4
0.085	2.103e-4
0.084	2.075e-4
0.083	2.047e-4
0.082	2.019e-4
0.081	1.993e-4
0.080	1.967e-4
0.079	1.942e-4
0.078	1.917e-4
0.077	1.893e-4
0.076	1.869e-4
0.075	1.846e-4
0.074	1.824e-4
0.073	1.802e-4
0.072	1.780e-4
0.071	1.759e-4
0.070	1.739e-4
0.069	1.719e-4
0.068	1.699e-4
0.067	1.680e-4
0.066	1.660e-4
0.065	1.642e-4
0.064	1.624e-4
0.063	1.606e-4
0.062	1.588e-4
0.061	1.571e-4
0.060	1.554e-4
0.059	1.537e-4
0.058	1.521e-4
0.057	1.505e-4
0.056	1.489e-4
0.055	1.473e-4
0.054	1.458e-4
0.053	1.443e-4
0.052	1.428e-4
0.051	1.413e-4
0.050	1.398e-4
0.049	1.384e-4
0.048	1.370e-4
0.047	1.356e-4
0.046	1.342e-4
0.045	1.328e-4
0.044	1.315e-4
0.043	1.302e-4
0.042	1.289e-4
0.041	1.275e-4
0.040	1.263e-4
0.039	1.250e-4
0.038	1.237e-4
0.037	1.225e-4
0.036	1.212e-4
0.035	1.200e-4
0.034	1.188e-4
0.033	1.176e-4
0.032	1.164e-4
0.031	1.153e-4
0.030	1.141e-4
0.029	1.130e-4
0.028	1.118e-4
0.027	1.106e-4
0.026	1.095e-4
0.025	1.084e-4
0.024	1.073e-4
0.023	1.062e-4
0.022	1.051e-4
0.021	1.040e-4
0.020	1.030e-4
0.019	1.019e-4
0.018	1.008e-4
0.017	9.979e-5
0.016	9.875e-5
0.015	9.773e-5
0.014	9.669e-5
0.013	9.567e-5
0.012	9.466e-5
0.011	9.364e-5
0.010	9.266e-5
0.009	9.164e-5
0.008	9.069e-5
0.007	8.967e-5
0.006	8.872e-5
0.005	8.777e-5
0.004	8.681e-5
0.003	8.586e-5
0.002	8.491e-5
0.001	8.398e-5
0.000	8.297e-5
-0.001	8.211e-5
-0.002	8.118e-5
-0.003	8.029e-5
-0.004	7.937e-5
-0.005	7.848e-5
-0.006	7.758e-5
-0.007	7.669e-5
-0.008	7.583e-5
-0.009	7.494e-5
-0.010	7.411e-5
-0.011	7.325e-5
-0.012	7.242e-5
-0.013	7.156e-5
-0.014	7.073e-5
-0.015	6.986e-5
-0.016	6.907e-5
-0.017	6.823e-5
-0.018	6.743e-5
-0.019	6.664e-5
-0.020	6.584e-5
-0.021	6.504e-5
-0.022	6.424e-5
-0.023	6.347e-5
-0.024	6.270e-5
-0.025	6.193e-5
-0.026	6.113e-5
-0.027	6.039e-5
-0.028	5.962e-5
-0.029	5.888e-5
-0.030	5.812e-5
-0.031	5.741e-5
-0.032	5.667e-5
-0.033	5.593e-5
-0.034	5.519e-5
-0.035	5.449e-5
-0.036	5.375e-5
-0.037	5.304e-5
-0.038	5.233e-5
-0.039	5.166e-5
-0.040	5.095e-5
-0.041	5.024e-5
-0.042	4.956e-5
-0.043	4.889e-5
-0.044	4.821e-5
-0.045	4.753e-5
-0.046	4.686e-5
-0.047	4.618e-5
-0.048	4.554e-5
-0.049	4.486e-5
-0.050	4.424e-5
-0.051	4.357e-5
-0.052	4.292e-5
-0.053	4.227e-5
-0.054	4.166e-5
-0.055	4.101e-5
-0.056	4.040e-5
-0.057	3.975e-5
-0.058	3.914e-5
-0.059	3.852e-5
-0.060	3.791e-5
-0.061	3.729e-5
-0.062	3.671e-5
-0.063	3.609e-5
-0.064	3.551e-5
-0.065	3.492e-5
-0.066	3.434e-5
-0.067	3.379e-5
-0.068	3.320e-5
-0.069	3.262e-5
-0.070	3.206e-5
-0.071	3.148e-5
-0.072	3.093e-5
-0.073	3.037e-5
-0.074	2.982e-5
-0.075	2.930e-5
-0.076	2.874e-5
-0.077	2.822e-5
-0.078	2.766e-5
-0.079	2.714e-5
-0.080	2.662e-5
-0.081	2.610e-5
-0.082	2.560e-5
-0.083	2.508e-5
-0.084	2.459e-5
-0.085	2.410e-5
-0.086	2.360e-5
-0.087	2.311e-5
-0.088	2.265e-5
-0.089	2.213e-5
-0.090	2.170e-5
-0.091	2.121e-5
-0.092	2.078e-5
-0.093	2.031e-5
-0.094	1.988e-5
-0.095	1.939e-5
-0.096	1.899e-5
-0.097	1.853e-5
-0.098	1.810e-5
-0.099	1.770e-5
-0.100	1.727e-5
-0.101	1.687e-5
-0.102	1.641e-5
-0.103	1.604e-5
-0.104	1.561e-5
-0.105	1.524e-5
-0.106	1.481e-5
-0.107	1.447e-5
-0.108	1.404e-5
-0.109	1.370e-5
-0.110	1.333e-5
-0.111	1.300e-5
-0.112	1.263e-5
-0.113	1.228e-5
-0.114	1.190e-5
-0.115	1.157e-5
-0.116	1.120e-5
-0.117	1.087e-5
-0.118	1.053e-5
-0.119	1.020e-5
-0.120	9.862e-6
-0.121	9.530e-6
-0.122	9.198e-6
-0.123	8.887e-6
-0.124	8.561e-6
-0.125	8.241e-6
-0.126	7.940e-6
-0.127	7.611e-6
-0.128	7.325e-6
-0.129	6.999e-6
-0.130	6.716e-6
-0.131	6.402e-6
-0.132	6.110e-6
-0.133	5.805e-6
-0.134	5.525e-6
-0.135	5.209e-6
-0.136	4.956e-6
-0.137	4.627e-6
-0.138	4.372e-6
-0.139	4.083e-6
-0.140	3.800e-6
-0.141	3.517e-6
-0.142	3.246e-6
-0.143	2.976e-6
-0.144	2.699e-6
-0.145	2.437e-6
-0.146	2.142e-6
-0.147	1.896e-6
-0.148	1.601e-6
-0.149	1.361e-6
-0.150	1.081e-6
-0.151	8.287e-7
-0.152	5.412e-7
-0.153	2.982e-7
-0.154	3.120e-8
-0.155	-2.198e-7
-0.156	-4.935e-7
-0.157	-7.427e-7
-0.158	-9.924e-7
-0.159	-1.261e-6
-0.160	-1.504e-6
-0.161	-1.775e-6
-0.162	-2.014e-6
-0.163	-2.274e-6
-0.164	-2.522e-6
-0.165	-2.786e-6
-0.166	-3.053e-6
-0.167	-3.302e-6
-0.168	-3.533e-6
-0.169	-3.800e-6
-0.170	-4.049e-6
-0.171	-4.289e-6
-0.172	-4.563e-6
-0.173	-4.794e-6
-0.174	-5.055e-6
-0.175	-5.298e-6
-0.176	-5.554e-6
-0.177	-5.806e-6
-0.178	-6.052e-6
-0.179	-6.316e-6
-0.180	-6.553e-6
-0.181	-6.821e-6
-0.182	-7.055e-6
-0.183	-7.325e-6
-0.184	-7.565e-6
-0.185	-7.830e-6
-0.186	-8.088e-6
-0.187	-8.322e-6
-0.188	-8.605e-6
-0.189	-8.826e-6
-0.190	-9.103e-6
-0.191	-9.352e-6
-0.192	-9.617e-6
-0.193	-9.863e-6
-0.194	-1.015e-5
-0.195	-1.037e-5
-0.196	-1.066e-5
-0.197	-1.089e-5
-0.198	-1.118e-5
-0.199	-1.143e-5
-0.200	-1.171e-5
-0.201	-1.196e-5
-0.202	-1.224e-5
-0.203	-1.248e-5
-0.204	-1.278e-5
-0.205	-1.304e-5
-0.206	-1.331e-5
-0.207	-1.357e-5
-0.208	-1.384e-5
-0.209	-1.412e-5
-0.210	-1.438e-5
-0.211	-1.466e-5
-0.212	-1.493e-5
-0.213	-1.520e-5
-0.214	-1.547e-5
-0.215	-1.575e-5
-0.216	-1.602e-5
-0.217	-1.631e-5
-0.218	-1.658e-5
-0.219	-1.686e-5
-0.220	-1.714e-5
-0.221	-1.741e-5
-0.222	-1.768e-5
-0.223	-1.799e-5
-0.224	-1.825e-5
-0.225	-1.854e-5
-0.226	-1.881e-5
-0.227	-1.911e-5
-0.228	-1.938e-5
-0.229	-1.967e-5
-0.230	-1.995e-5
-0.231	-2.025e-5
-0.232	-2.050e-5
-0.233	-2.082e-5
-0.234	-2.110e-5
-0.235	-2.139e-5
-0.236	-2.167e-5
-0.237	-2.199e-5
-0.238	-2.226e-5
-0.239	-2.256e-5
-0.240	-2.283e-5
-0.241	-2.316e-5
-0.242	-2.343e-5
-0.243	-2.374e-5
-0.244	-2.403e-5
-0.245	-2.434e-5
-0.246	-2.463e-5
-0.247	-2.495e-5
-0.248	-2.522e-5
-0.249	-2.555e-5
-0.250	-2.585e-5
-0.251	-2.616e-5
-0.252	-2.647e-5
-0.253	-2.678e-5
-0.254	-2.708e-5
-0.255	-2.741e-5
-0.256	-2.772e-5
-0.257	-2.805e-5
-0.258	-2.836e-5
-0.259	-2.867e-5
-0.260	-2.900e-5
-0.261	-2.933e-5
-0.262	-2.966e-5
-0.263	-2.999e-5
-0.264	-3.038e-5
-0.265	-3.068e-5
-0.266	-3.102e-5
-0.267	-3.136e-5
-0.268	-3.173e-5
-0.269	-3.204e-5
-0.270	-3.241e-5
-0.271	-3.274e-5
-0.272	-3.308e-5
-0.273	-3.345e-5
-0.274	-3.376e-5
-0.275	-3.413e-5
-0.276	-3.450e-5
-0.277	-3.484e-5
-0.278	-3.520e-5
-0.279	-3.557e-5
-0.280	-3.591e-5
-0.281	-3.628e-5
-0.282	-3.665e-5
-0.283	-3.702e-5
-0.284	-3.739e-5
-0.285	-3.776e-5
-0.286	-3.813e-5
-0.287	-3.850e-5
-0.288	-3.886e-5
-0.289	-3.926e-5
-0.290	-3.963e-5
-0.291	-4.003e-5
-0.292	-4.040e-5
-0.293	-4.077e-5
-0.294	-4.117e-5
-0.295	-4.157e-5
-0.296	-4.191e-5
-0.297	-4.234e-5
-0.298	-4.271e-5
-0.299	-4.311e-5
-0.300	-4.348e-5
-0.301	-4.391e-5
-0.302	-4.428e-5
-0.303	-4.471e-5
-0.304	-4.508e-5
-0.305	-4.551e-5
-0.306	-4.588e-5
-0.307	-4.631e-5
-0.308	-4.674e-5
-0.309	-4.711e-5
-0.310	-4.754e-5
-0.311	-4.794e-5
-0.312	-4.834e-5
-0.313	-4.877e-5
-0.314	-4.920e-5
-0.315	-4.960e-5
-0.316	-5.000e-5
-0.317	-5.043e-5
-0.318	-5.086e-5
-0.319	-5.129e-5
-0.320	-5.169e-5
-0.321	-5.215e-5
-0.322	-5.255e-5
-0.323	-5.301e-5
-0.324	-5.341e-5
-0.325	-5.387e-5
-0.326	-5.430e-5
-0.327	-5.477e-5
-0.328	-5.520e-5
-0.329	-5.566e-5
-0.330	-5.609e-5
-0.331	-5.655e-5
-0.332	-5.701e-5
-0.333	-5.744e-5
-0.334	-5.793e-5
-0.335	-5.840e-5
-0.336	-5.886e-5
-0.337	-5.935e-5
-0.338	-5.981e-5
-0.339	-6.027e-5
-0.340	-6.079e-5
-0.341	-6.129e-5
-0.342	-6.178e-5
-0.343	-6.227e-5
-0.344	-6.276e-5
-0.345	-6.332e-5
-0.346	-6.381e-5
-0.347	-6.433e-5
-0.348	-6.489e-5
-0.349	-6.541e-5
-0.350	-6.593e-5
-0.351	-6.649e-5
-0.352	-6.704e-5
-0.353	-6.762e-5
-0.354	-6.818e-5
-0.355	-6.876e-5
-0.356	-6.935e-5
-0.357	-6.993e-5
-0.358	-7.055e-5
-0.359	-7.116e-5
-0.360	-7.178e-5
-0.361	-7.242e-5
-0.362	-7.304e-5
-0.363	-7.368e-5
-0.364	-7.433e-5
-0.365	-7.497e-5
-0.366	-7.565e-5
-0.367	-7.636e-5
-0.368	-7.700e-5
-0.369	-7.774e-5
-0.370	-7.845e-5
-0.371	-7.916e-5
-0.372	-7.996e-5
-0.373	-8.066e-5
-0.374	-8.143e-5
-0.375	-8.220e-5
-0.376	-8.300e-5
-0.377	-8.380e-5
-0.378	-8.463e-5
-0.379	-8.543e-5
-0.380	-8.629e-5
-0.381	-8.715e-5
-0.382	-8.802e-5
-0.383	-8.891e-5
-0.384	-8.980e-5
-0.385	-9.072e-5
-0.386	-9.168e-5
-0.387	-9.263e-5
-0.388	-9.361e-5
-0.389	-9.457e-5
-0.390	-9.561e-5
-0.391	-9.663e-5
-0.392	-9.770e-5
-0.393	-9.878e-5
-0.394	-9.986e-5
-0.395	-1.010e-4
-0.396	-1.021e-4
-0.397	-1.033e-4
-0.398	-1.044e-4
-0.399	-1.057e-4
-0.400	-1.069e-4
-0.401	-1.082e-4
-0.402	-1.094e-4
-0.403	-1.108e-4
-0.404	-1.121e-4
-0.405	-1.135e-4
-0.406	-1.149e-4
-0.407	-1.163e-4
-0.408	-1.178e-4
-0.409	-1.193e-4
-0.410	-1.209e-4
-0.411	-1.224e-4
-0.412	-1.240e-4
-0.413	-1.256e-4
-0.414	-1.273e-4
-0.415	-1.290e-4
-0.416	-1.308e-4
-0.417	-1.326e-4
-0.418	-1.344e-4
-0.419	-1.363e-4
-0.420	-1.382e-4
-0.421	-1.402e-4
-0.422	-1.422e-4
-0.423	-1.443e-4
-0.424	-1.464e-4
-0.425	-1.486e-4
-0.426	-1.508e-4
-0.427	-1.531e-4
-0.428	-1.554e-4
-0.429	-1.578e-4
-0.430	-1.602e-4
-0.431	-1.627e-4
-0.432	-1.652e-4
-0.433	-1.679e-4
-0.434	-1.706e-4
-0.435	-1.733e-4
-0.436	-1.762e-4
-0.437	-1.791e-4
-0.438	-1.820e-4
-0.439	-1.851e-4
-0.440	-1.881e-4
-0.441	-1.913e-4
-0.442	-1.946e-4
-0.443	-1.979e-4
-0.444	-2.013e-4
-0.445	-2.048e-4
-0.446	-2.083e-4
-0.447	-2.120e-4
-0.448	-2.158e-4
-0.449	-2.195e-4
-0.450	-2.234e-4
-0.451	-2.274e-4
-0.452	-2.315e-4
-0.453	-2.357e-4
-0.454	-2.399e-4
-0.455	-2.443e-4
-0.456	-2.487e-4
-0.457	-2.532e-4
-0.458	-2.578e-4
-0.459	-2.625e-4
-0.460	-2.672e-4
