Init E (V) = -0.4
High E (V) = -0.2
Low E (V) = -0.8
Init P/N = N
Scan Rate (V/s) = 0.01
Segment = 7
Sample Interval (V) = 0.001
Quiet Time (sec) = 2
Sensitivity (A/V) = 0.001

Potential/V	Current/A

-0.400	-4.259e-5
-0.401	-4.351e-5
-0.402	-4.415e-5
-0.403	-4.471e-5
-0.404	-4.523e-5
-0.405	-4.575e-5
-0.406	-4.622e-5
-0.407	-4.671e-5
-0.408	-4.717e-5
-0.409	-4.769e-5
-0.410	-4.812e-5
-0.411	-4.858e-5
-0.412	-4.901e-5
-0.413	-4.948e-5
-0.414	-4.991e-5
-0.415	-5.037e-5
-0.416	-5.080e-5
-0.417	-5.126e-5
-0.418	-5.169e-5
-0.419	-5.215e-5
-0.420	-5.258e-5
-0.421	-5.307e-5
-0.422	-5.351e-5
-0.423	-5.400e-5
-0.424	-5.443e-5
-0.425	-5.495e-5
-0.426	-5.541e-5
-0.427	-5.590e-5
-0.428	-5.643e-5
-0.429	-5.692e-5
-0.430	-5.747e-5
-0.431	-5.800e-5
-0.432	-5.855e-5
-0.433	-5.910e-5
-0.434	-5.969e-5
-0.435	-6.030e-5
-0.436	-6.092e-5
-0.437	-6.153e-5
-0.438	-6.221e-5
-0.439	-6.286e-5
-0.440	-6.356e-5
-0.441	-6.430e-5
-0.442	-6.507e-5
-0.443	-6.581e-5
-0.444	-6.664e-5
-0.445	-6.744e-5
-0.446	-6.833e-5
-0.447	-6.922e-5
-0.448	-7.015e-5
-0.449	-7.113e-5
-0.450	-7.214e-5
-0.451	-7.316e-5
-0.452	-7.427e-5
-0.453	-7.537e-5
-0.454	-7.654e-5
-0.455	-7.774e-5
-0.456	-7.900e-5
-0.457	-8.030e-5
-0.458	-8.168e-5
-0.459	-8.303e-5
-0.460	-8.454e-5
-0.461	-8.602e-5
-0.462	-8.762e-5
-0.463	-8.922e-5
-0.464	-9.091e-5
-0.465	-9.263e-5
-0.466	-9.441e-5
-0.467	-9.626e-5
-0.468	-9.823e-5
-0.469	-1.001e-4
-0.470	-1.022e-4
-0.471	-1.043e-4
-0.472	-1.063e-4
-0.473	-1.086e-4
-0.474	-1.108e-4
-0.475	-1.131e-4
-0.476	-1.155e-4
-0.477	-1.179e-4
-0.478	-1.203e-4
-0.479	-1.228e-4
-0.480	-1.254e-4
-0.481	-1.280e-4
-0.482	-1.306e-4
-0.483	-1.333e-4
-0.484	-1.359e-4
-0.485	-1.386e-4
-0.486	-1.414e-4
-0.487	-1.441e-4
-0.488	-1.469e-4
-0.489	-1.496e-4
-0.490	-1.524e-4
-0.491	-1.551e-4
-0.492	-1.579e-4
-0.493	-1.606e-4
-0.494	-1.633e-4
-0.495	-1.660e-4
-0.496	-1.686e-4
-0.497	-1.711e-4
-0.498	-1.737e-4
-0.499	-1.761e-4
-0.500	-1.785e-4
-0.501	-1.808e-4
-0.502	-1.831e-4
-0.503	-1.852e-4
-0.504	-1.873e-4
-0.505	-1.893e-4
-0.506	-1.912e-4
-0.507	-1.930e-4
-0.508	-1.947e-4
-0.509	-1.963e-4
-0.510	-1.976e-4
-0.511	-1.990e-4
-0.512	-2.002e-4
-0.513	-2.013e-4
-0.514	-2.022e-4
-0.515	-2.030e-4
-0.516	-2.036e-4
-0.517	-2.042e-4
-0.518	-2.046e-4
-0.519	-2.049e-4
-0.520	-2.050e-4
-0.521	-2.050e-4
-0.522	-2.049e-4
-0.523	-2.046e-4
-0.524	-2.042e-4
-0.525	-2.037e-4
-0.526	-2.031e-4
-0.527	-2.024e-4
-0.528	-2.015e-4
-0.529	-2.006e-4
-0.530	-1.995e-4
-0.531	-1.984e-4
-0.532	-1.972e-4
-0.533	-1.959e-4
-0.534	-1.945e-4
-0.535	-1.931e-4
-0.536	-1.915e-4
-0.537	-1.900e-4
-0.538	-1.884e-4
-0.539	-1.868e-4
-0.540	-1.851e-4
-0.541	-1.835e-4
-0.542	-1.818e-4
-0.543	-1.802e-4
-0.544	-1.784e-4
-0.545	-1.768e-4
-0.546	-1.751e-4
-0.547	-1.736e-4
-0.548	-1.719e-4
-0.549	-1.704e-4
-0.550	-1.688e-4
-0.551	-1.673e-4
-0.552	-1.659e-4
-0.553	-1.645e-4
-0.554	-1.631e-4
-0.555	-1.618e-4
-0.556	-1.605e-4
-0.557	-1.593e-4
-0.558	-1.581e-4
-0.559	-1.570e-4
-0.560	-1.559e-4
-0.561	-1.549e-4
-0.562	-1.539e-4
-0.563	-1.529e-4
-0.564	-1.520e-4
-0.565	-1.511e-4
-0.566	-1.503e-4
-0.567	-1.495e-4
-0.568	-1.487e-4
-0.569	-1.480e-4
-0.570	-1.473e-4
-0.571	-1.466e-4
-0.572	-1.459e-4
-0.573	-1.453e-4
-0.574	-1.447e-4
-0.575	-1.441e-4
-0.576	-1.436e-4
-0.577	-1.430e-4
-0.578	-1.425e-4
-0.579	-1.420e-4
-0.580	-1.415e-4
-0.581	-1.410e-4
-0.582	-1.406e-4
-0.583	-1.401e-4
-0.584	-1.396e-4
-0.585	-1.393e-4
-0.586	-1.388e-4
-0.587	-1.384e-4
-0.588	-1.380e-4
-0.589	-1.376e-4
-0.590	-1.373e-4
-0.591	-1.369e-4
-0.592	-1.365e-4
-0.593	-1.362e-4
-0.594	-1.358e-4
-0.595	-1.355e-4
-0.596	-1.352e-4
-0.597	-1.349e-4
-0.598	-1.346e-4
-0.599	-1.343e-4
-0.600	-1.340e-4
-0.601	-1.337e-4
-0.602	-1.334e-4
-0.603	-1.331e-4
-0.604	-1.329e-4
-0.605	-1.326e-4
-0.606	-1.324e-4
-0.607	-1.322e-4
-0.608	-1.320e-4
-0.609	-1.317e-4
-0.610	-1.315e-4
-0.611	-1.313e-4
-0.612	-1.310e-4
-0.613	-1.308e-4
-0.614	-1.306e-4
-0.615	-1.305e-4
-0.616	-1.302e-4
-0.617	-1.301e-4
-0.618	-1.299e-4
-0.619	-1.296e-4
-0.620	-1.295e-4
-0.621	-1.293e-4
-0.622	-1.291e-4
-0.623	-1.290e-4
-0.624	-1.288e-4
-0.625	-1.286e-4
-0.626	-1.285e-4
-0.627	-1.283e-4
-0.628	-1.282e-4
-0.629	-1.280e-4
-0.630	-1.279e-4
-0.631	-1.278e-4
-0.632	-1.276e-4
-0.633	-1.275e-4
-0.634	-1.273e-4
-0.635	-1.272e-4
-0.636	-1.271e-4
-0.637	-1.270e-4
-0.638	-1.268e-4
-0.639	-1.267e-4
-0.640	-1.266e-4
-0.641	-1.265e-4
-0.642	-1.263e-4
-0.643	-1.262e-4
-0.644	-1.261e-4
-0.645	-1.260e-4
-0.646	-1.259e-4
-0.647	-1.258e-4
-0.648	-1.257e-4
-0.649	-1.256e-4
-0.650	-1.255e-4
-0.651	-1.254e-4
-0.652	-1.253e-4
-0.653	-1.252e-4
-0.654	-1.251e-4
-0.655	-1.250e-4
-0.656	-1.249e-4
-0.657	-1.248e-4
-0.658	-1.247e-4
-0.659	-1.246e-4
-0.660	-1.245e-4
-0.661	-1.245e-4
-0.662	-1.243e-4
-0.663	-1.243e-4
-0.664	-1.242e-4
-0.665	-1.241e-4
-0.666	-1.240e-4
-0.667	-1.239e-4
-0.668	-1.238e-4
-0.669	-1.238e-4
-0.670	-1.237e-4
-0.671	-1.236e-4
-0.672	-1.235e-4
-0.673	-1.235e-4
-0.674	-1.234e-4
-0.675	-1.233e-4
-0.676	-1.232e-4
-0.677	-1.232e-4
-0.678	-1.231e-4
-0.679	-1.230e-4
-0.680	-1.229e-4
-0.681	-1.229e-4
-0.682	-1.228e-4
-0.683	-1.227e-4
-0.684	-1.227e-4
-0.685	-1.226e-4
-0.686	-1.226e-4
-0.687	-1.224e-4
-0.688	-1.224e-4
-0.689	-1.223e-4
-0.690	-1.223e-4
-0.691	-1.222e-4
-0.692	-1.222e-4
-0.693	-1.221e-4
-0.694	-1.221e-4
-0.695	-1.220e-4
-0.696	-1.219e-4
-0.697	-1.218e-4
-0.698	-1.218e-4
-0.699	-1.217e-4
-0.700	-1.217e-4
-0.701	-1.216e-4
-0.702	-1.215e-4
-0.703	-1.215e-4
-0.704	-1.214e-4
-0.705	-1.214e-4
-0.706	-1.213e-4
-0.707	-1.213e-4
-0.708	-1.212e-4
-0.709	-1.211e-4
-0.710	-1.211e-4
-0.711	-1.211e-4
-0.712	-1.210e-4
-0.713	-1.209e-4
-0.714	-1.209e-4
-0.715	-1.208e-4
-0.716	-1.207e-4
-0.717	-1.207e-4
-0.718	-1.206e-4
-0.719	-1.206e-4
-0.720	-1.206e-4
-0.721	-1.205e-4
-0.722	-1.205e-4
-0.723	-1.204e-4
-0.724	-1.203e-4
-0.725	-1.203e-4
-0.726	-1.202e-4
-0.727	-1.202e-4
-0.728	-1.201e-4
-0.729	-1.201e-4
-0.730	-1.200e-4
-0.731	-1.199e-4
-0.732	-1.199e-4
-0.733	-1.198e-4
-0.734	-1.198e-4
-0.735	-1.197e-4
-0.736	-1.197e-4
-0.737	-1.196e-4
-0.738	-1.196e-4
-0.739	-1.195e-4
-0.740	-1.195e-4
-0.741	-1.194e-4
-0.742	-1.194e-4
-0.743	-1.193e-4
-0.744	-1.192e-4
-0.745	-1.192e-4
-0.746	-1.191e-4
-0.747	-1.191e-4
-0.748	-1.191e-4
-0.749	-1.189e-4
-0.750	-1.189e-4
-0.751	-1.189e-4
-0.752	-1.187e-4
-0.753	-1.187e-4
-0.754	-1.187e-4
-0.755	-1.186e-4
-0.756	-1.186e-4
-0.757	-1.185e-4
-0.758	-1.184e-4
-0.759	-1.184e-4
-0.760	-1.183e-4
-0.761	-1.183e-4
-0.762	-1.182e-4
-0.763	-1.182e-4
-0.764	-1.181e-4
-0.765	-1.181e-4
-0.766	-1.179e-4
-0.767	-1.179e-4
-0.768	-1.179e-4
-0.769	-1.178e-4
-0.770	-1.177e-4
-0.771	-1.177e-4
-0.772	-1.176e-4
-0.773	-1.175e-4
-0.774	-1.175e-4
-0.775	-1.175e-4
-0.776	-1.174e-4
-0.777	-1.173e-4
-0.778	-1.173e-4
-0.779	-1.172e-4
-0.780	-1.171e-4
-0.781	-1.171e-4
-0.782	-1.170e-4
-0.783	-1.170e-4
-0.784	-1.169e-4
-0.785	-1.169e-4
-0.786	-1.168e-4
-0.787	-1.167e-4
-0.788	-1.167e-4
-0.789	-1.167e-4
-0.790	-1.166e-4
-0.791	-1.166e-4
-0.792	-1.165e-4
-0.793	-1.164e-4
-0.794	-1.164e-4
-0.795	-1.163e-4
-0.796	-1.163e-4
-0.797	-1.163e-4
-0.798	-1.162e-4
-0.799	-1.161e-4
-0.800	-1.133e-4
-0.799	-1.119e-4
-0.798	-1.109e-4
-0.797	-1.101e-4
-0.796	-1.092e-4
-0.795	-1.085e-4
-0.794	-1.078e-4
-0.793	-1.071e-4
-0.792	-1.065e-4
-0.791	-1.059e-4
-0.790	-1.052e-4
-0.789	-1.046e-4
-0.788	-1.040e-4
-0.787	-1.035e-4
-0.786	-1.029e-4
-0.785	-1.023e-4
-0.784	-1.018e-4
-0.783	-1.013e-4
-0.782	-1.007e-4
-0.781	-1.003e-4
-0.780	-9.970e-5
-0.779	-9.921e-5
-0.778	-9.875e-5
-0.777	-9.823e-5
-0.776	-9.777e-5
-0.775	-9.734e-5
-0.774	-9.681e-5
-0.773	-9.638e-5
-0.772	-9.592e-5
-0.771	-9.546e-5
-0.770	-9.503e-5
-0.769	-9.463e-5
-0.768	-9.414e-5
-0.767	-9.374e-5
-0.766	-9.328e-5
-0.765	-9.291e-5
-0.764	-9.244e-5
-0.763	-9.208e-5
-0.762	-9.161e-5
-0.761	-9.125e-5
-0.760	-9.085e-5
-0.759	-9.045e-5
-0.758	-9.005e-5
-0.757	-8.968e-5
-0.756	-8.928e-5
-0.755	-8.891e-5
-0.754	-8.869e-5
-0.753	-8.817e-5
-0.752	-8.774e-5
-0.751	-8.737e-5
-0.750	-8.700e-5
-0.749	-8.663e-5
-0.748	-8.623e-5
-0.747	-8.592e-5
-0.746	-8.555e-5
-0.745	-8.516e-5
-0.744	-8.482e-5
-0.743	-8.451e-5
-0.742	-8.414e-5
-0.741	-8.380e-5
-0.740	-8.346e-5
-0.739	-8.309e-5
-0.738	-8.276e-5
-0.737	-8.239e-5
-0.736	-8.208e-5
-0.735	-8.174e-5
-0.734	-8.137e-5
-0.733	-8.106e-5
-0.732	-8.076e-5
-0.731	-8.039e-5
-0.730	-8.011e-5
-0.729	-7.971e-5
-0.728	-7.946e-5
-0.727	-7.910e-5
-0.726	-7.876e-5
-0.725	-7.848e-5
-0.724	-7.814e-5
-0.723	-7.780e-5
-0.722	-7.756e-5
-0.721	-7.719e-5
-0.720	-7.694e-5
-0.719	-7.657e-5
-0.718	-7.630e-5
-0.717	-7.599e-5
-0.716	-7.565e-5
-0.715	-7.534e-5
-0.714	-7.500e-5
-0.713	-7.476e-5
-0.712	-7.445e-5
-0.711	-7.417e-5
-0.710	-7.387e-5
-0.709	-7.356e-5
-0.708	-7.328e-5
-0.707	-7.294e-5
-0.706	-7.270e-5
-0.705	-7.236e-5
-0.704	-7.211e-5
-0.703	-7.184e-5
-0.702	-7.153e-5
-0.701	-7.122e-5
-0.700	-7.094e-5
-0.699	-7.064e-5
-0.698	-7.039e-5
-0.697	-7.005e-5
-0.696	-6.978e-5
-0.695	-6.950e-5
-0.694	-6.922e-5
-0.693	-6.895e-5
-0.692	-6.867e-5
-0.691	-6.839e-5
-0.690	-6.812e-5
-0.689	-6.784e-5
-0.688	-6.756e-5
-0.687	-6.725e-5
-0.686	-6.698e-5
-0.685	-6.673e-5
-0.684	-6.642e-5
-0.683	-6.618e-5
-0.682	-6.590e-5
-0.681	-6.562e-5
-0.680	-6.532e-5
-0.679	-6.507e-5
-0.678	-6.479e-5
-0.677	-6.455e-5
-0.676	-6.427e-5
-0.675	-6.399e-5
-0.674	-6.378e-5
-0.673	-6.347e-5
-0.672	-6.319e-5
-0.671	-6.295e-5
-0.670	-6.264e-5
-0.669	-6.242e-5
-0.668	-6.212e-5
-0.667	-6.187e-5
-0.666	-6.159e-5
-0.665	-6.135e-5
-0.664	-6.107e-5
-0.663	-6.083e-5
-0.662	-6.055e-5
-0.661	-6.033e-5
-0.660	-6.003e-5
-0.659	-5.978e-5
-0.658	-5.953e-5
-0.657	-5.923e-5
-0.656	-5.901e-5
-0.655	-5.873e-5
-0.654	-5.849e-5
-0.653	-5.821e-5
-0.652	-5.800e-5
-0.651	-5.769e-5
-0.650	-5.747e-5
-0.649	-5.720e-5
-0.648	-5.695e-5
-0.647	-5.670e-5
-0.646	-5.643e-5
-0.645	-5.618e-5
-0.644	-5.590e-5
-0.643	-5.566e-5
-0.642	-5.541e-5
-0.641	-5.517e-5
-0.640	-5.489e-5
-0.639	-5.467e-5
-0.638	-5.434e-5
-0.637	-5.418e-5
-0.636	-5.387e-5
-0.635	-5.363e-5
-0.634	-5.335e-5
-0.633	-5.311e-5
-0.632	-5.286e-5
-0.631	-5.264e-5
-0.630	-5.237e-5
-0.629	-5.212e-5
-0.628	-5.181e-5
-0.627	-5.163e-5
-0.626	-5.138e-5
-0.625	-5.111e-5
-0.624	-5.086e-5
-0.623	-5.061e-5
-0.622	-5.037e-5
-0.621	-5.012e-5
-0.620	-4.981e-5
-0.619	-4.963e-5
-0.618	-4.935e-5
-0.617	-4.911e-5
-0.616	-4.886e-5
-0.615	-4.861e-5
-0.614	-4.834e-5
-0.613	-4.812e-5
-0.612	-4.781e-5
-0.611	-4.760e-5
-0.610	-4.735e-5
-0.609	-4.711e-5
-0.608	-4.683e-5
-0.607	-4.658e-5
-0.606	-4.637e-5
-0.605	-4.609e-5
-0.604	-4.588e-5
-0.603	-4.560e-5
-0.602	-4.539e-5
-0.601	-4.514e-5
-0.600	-4.489e-5
-0.599	-4.462e-5
-0.598	-4.437e-5
-0.597	-4.415e-5
-0.596	-4.391e-5
-0.595	-4.363e-5
-0.594	-4.342e-5
-0.593	-4.317e-5
-0.592	-4.289e-5
-0.591	-4.271e-5
-0.590	-4.240e-5
-0.589	-4.222e-5
-0.588	-4.194e-5
-0.587	-4.169e-5
-0.586	-4.145e-5
-0.585	-4.120e-5
-0.584	-4.093e-5
-0.583	-4.074e-5
-0.582	-4.046e-5
-0.581	-4.025e-5
-0.580	-3.997e-5
-0.579	-3.973e-5
-0.578	-3.951e-5
-0.577	-3.923e-5
-0.576	-3.899e-5
-0.575	-3.874e-5
-0.574	-3.850e-5
-0.573	-3.825e-5
-0.572	-3.800e-5
-0.571	-3.776e-5
-0.570	-3.751e-5
-0.569	-3.727e-5
-0.568	-3.702e-5
-0.567	-3.680e-5
-0.566	-3.656e-5
-0.565	-3.631e-5
-0.564	-3.603e-5
-0.563	-3.579e-5
-0.562	-3.560e-5
-0.561	-3.530e-5
-0.560	-3.511e-5
-0.559	-3.484e-5
-0.558	-3.456e-5
-0.557	-3.434e-5
-0.556	-3.410e-5
-0.555	-3.385e-5
-0.554	-3.364e-5
-0.553	-3.336e-5
-0.552	-3.311e-5
-0.551	-3.290e-5
-0.550	-3.259e-5
-0.549	-3.241e-5
-0.548	-3.210e-5
-0.547	-3.191e-5
-0.546	-3.164e-5
-0.545	-3.139e-5
-0.544	-3.114e-5
-0.543	-3.093e-5
-0.542	-3.065e-5
-0.541	-3.044e-5
-0.540	-3.016e-5
-0.539	-2.991e-5
-0.538	-2.967e-5
-0.537	-2.942e-5
-0.536	-2.918e-5
-0.535	-2.896e-5
-0.534	-2.868e-5
-0.533	-2.847e-5
-0.532	-2.819e-5
-0.531	-2.795e-5
-0.530	-2.773e-5
-0.529	-2.745e-5
-0.528	-2.724e-5
-0.527	-2.699e-5
-0.526	-2.672e-5
-0.525	-2.650e-5
-0.524	-2.622e-5
-0.523	-2.601e-5
-0.522	-2.576e-5
-0.521	-2.552e-5
-0.520	-2.527e-5
-0.519	-2.499e-5
-0.518	-2.472e-5
-0.517	-2.453e-5
-0.516	-2.425e-5
-0.515	-2.398e-5
-0.514	-2.376e-5
-0.513	-2.345e-5
-0.512	-2.324e-5
-0.511	-2.296e-5
-0.510	-2.272e-5
-0.509	-2.250e-5
-0.508	-2.222e-5
-0.507	-2.198e-5
-0.506	-2.170e-5
-0.505	-2.149e-5
-0.504	-2.121e-5
-0.503	-2.096e-5
-0.502	-2.069e-5
-0.501	-2.044e-5
-0.500	-2.019e-5
-0.499	-1.989e-5
-0.498	-1.964e-5
-0.497	-1.939e-5
-0.496	-1.915e-5
-0.495	-1.887e-5
-0.494	-1.859e-5
-0.493	-1.832e-5
-0.492	-1.804e-5
-0.491	-1.780e-5
-0.490	-1.752e-5
-0.489	-1.727e-5
-0.488	-1.700e-5
-0.487	-1.672e-5
-0.486	-1.644e-5
-0.485	-1.613e-5
-0.484	-1.589e-5
-0.483	-1.558e-5
-0.482	-1.533e-5
-0.481	-1.500e-5
-0.480	-1.475e-5
-0.479	-1.444e-5
-0.478	-1.414e-5
-0.477	-1.386e-5
-0.476	-1.342e-5
-0.475	-1.322e-5
-0.474	-1.292e-5
-0.473	-1.260e-5
-0.472	-1.230e-5
-0.471	-1.199e-5
-0.470	-1.163e-5
-0.469	-1.136e-5
-0.468	-1.098e-5
-0.467	-1.069e-5
-0.466	-1.032e-5
-0.465	-9.995e-6
-0.464	-9.632e-6
-0.463	-9.306e-6
-0.462	-8.894e-6
-0.461	-8.531e-6
-0.460	-8.177e-6
-0.459	-7.787e-6
-0.458	-7.442e-6
-0.457	-7.021e-6
-0.456	-6.636e-6
-0.455	-6.215e-6
-0.454	-5.775e-6
-0.453	-5.406e-6
-0.452	-4.951e-6
-0.451	-4.517e-6
-0.450	-4.068e-6
-0.449	-3.613e-6
-0.448	-3.145e-6
-0.447	-2.675e-6
-0.446	-2.192e-6
-0.445	-1.730e-6
-0.444	-1.204e-6
-0.443	-6.692e-7
-0.442	-1.801e-7
-0.441	3.981e-7
-0.440	9.118e-7
-0.439	1.478e-6
-0.438	2.034e-6
-0.437	2.597e-6
-0.436	3.225e-6
-0.435	3.800e-6
-0.434	4.418e-6
-0.433	5.061e-6
-0.432	5.710e-6
-0.431	6.328e-6
-0.430	7.020e-6
-0.429	7.682e-6
-0.428	8.401e-6
-0.427	9.093e-6
-0.426	9.789e-6
-0.425	1.057e-5
-0.424	1.129e-5
-0.423	1.205e-5
-0.422	1.284e-5
-0.421	1.360e-5
-0.420	1.445e-5
-0.419	1.526e-5
-0.418	1.609e-5
-0.417	1.698e-5
-0.416	1.784e-5
-0.415	1.871e-5
-0.414	1.962e-5
-0.413	2.050e-5
-0.412	2.154e-5
-0.411	2.243e-5
-0.410	2.343e-5
-0.409	2.442e-5
-0.408	2.540e-5
-0.407	2.644e-5
-0.406	2.747e-5
-0.405	2.853e-5
-0.404	2.957e-5
-0.403	3.080e-5
-0.402	3.179e-5
-0.401	3.292e-5
-0.400	3.406e-5
-0.399	3.523e-5
-0.398	3.643e-5
-0.397	3.763e-5
-0.396	3.886e-5
-0.395	4.012e-5
-0.394	4.135e-5
-0.393	4.267e-5
-0.392	4.397e-5
-0.391	4.529e-5
-0.390	4.667e-5
-0.389	4.800e-5
-0.388	4.944e-5
-0.387	5.079e-5
-0.386	5.221e-5
-0.385	5.369e-5
-0.384	5.516e-5
-0.383	5.661e-5
-0.382	5.815e-5
-0.381	5.965e-5
-0.380	6.125e-5
-0.379	6.279e-5
-0.378	6.439e-5
-0.377	6.599e-5
-0.376	6.759e-5
-0.375	6.922e-5
-0.374	7.094e-5
-0.373	7.254e-5
-0.372	7.429e-5
-0.371	7.602e-5
-0.370	7.774e-5
-0.369	7.949e-5
-0.368	8.125e-5
-0.367	8.303e-5
-0.366	8.481e-5
-0.365	8.666e-5
-0.364	8.850e-5
-0.363	9.035e-5
-0.362	9.219e-5
-0.361	9.413e-5
-0.360	9.598e-5
-0.359	9.792e-5
-0.358	9.985e-5
-0.357	1.018e-4
-0.356	1.038e-4
-0.355	1.057e-4
-0.354	1.076e-4
-0.353	1.097e-4
-0.352	1.117e-4
-0.351	1.137e-4
-0.350	1.157e-4
-0.349	1.177e-4
-0.348	1.198e-4
-0.347	1.218e-4
-0.346	1.238e-4
-0.345	1.259e-4
-0.344	1.279e-4
-0.343	1.299e-4
-0.342	1.320e-4
-0.341	1.340e-4
-0.340	1.361e-4
-0.339	1.381e-4
-0.338	1.402e-4
-0.337	1.422e-4
-0.336	1.442e-4
-0.335	1.462e-4
-0.334	1.482e-4
-0.333	1.502e-4
-0.332	1.522e-4
-0.331	1.542e-4
-0.330	1.561e-4
-0.329	1.580e-4
-0.328	1.599e-4
-0.327	1.619e-4
-0.326	1.638e-4
-0.325	1.656e-4
-0.324	1.675e-4
-0.323	1.693e-4
-0.322	1.712e-4
-0.321	1.731e-4
-0.320	1.748e-4
-0.319	1.766e-4
-0.318	1.784e-4
-0.317	1.801e-4
-0.316	1.819e-4
-0.315	1.835e-4
-0.314	1.853e-4
-0.313	1.870e-4
-0.312	1.887e-4
-0.311	1.903e-4
-0.310	1.920e-4
-0.309	1.936e-4
-0.308	1.953e-4
-0.307	1.970e-4
-0.306	1.986e-4
-0.305	2.001e-4
-0.304	2.017e-4
-0.303	2.033e-4
-0.302	2.048e-4
-0.301	2.064e-4
-0.300	2.079e-4
-0.299	2.094e-4
-0.298	2.109e-4
-0.297	2.124e-4
-0.296	2.138e-4
-0.295	2.153e-4
-0.294	2.169e-4
-0.293	2.182e-4
-0.292	2.197e-4
-0.291	2.211e-4
-0.290	2.226e-4
-0.289	2.240e-4
-0.288	2.254e-4
-0.287	2.268e-4
-0.286	2.282e-4
-0.285	2.296e-4
-0.284	2.310e-4
-0.283	2.324e-4
-0.282	2.337e-4
-0.281	2.352e-4
-0.280	2.364e-4
-0.279	2.378e-4
-0.278	2.392e-4
-0.277	2.405e-4
-0.276	2.419e-4
-0.275	2.432e-4
-0.274	2.445e-4
-0.273	2.459e-4
-0.272	2.472e-4
-0.271	2.485e-4
-0.270	2.499e-4
-0.269	2.512e-4
-0.268	2.525e-4
-0.267	2.538e-4
-0.266	2.551e-4
-0.265	2.565e-4
-0.264	2.577e-4
-0.263	2.591e-4
-0.262	2.604e-4
-0.261	2.618e-4
-0.260	2.631e-4
-0.259	2.644e-4
-0.258	2.657e-4
-0.257	2.671e-4
-0.256	2.684e-4
-0.255	2.698e-4
-0.254	2.711e-4
-0.253	2.724e-4
-0.252	2.738e-4
-0.251	2.751e-4
-0.250	2.765e-4
-0.249	2.778e-4
-0.248	2.792e-4
-0.247	2.806e-4
-0.246	2.820e-4
-0.245	2.833e-4
-0.244	2.848e-4
-0.243	2.862e-4
-0.242	2.876e-4
-0.241	2.890e-4
-0.240	2.904e-4
-0.239	2.919e-4
-0.238	2.933e-4
-0.237	2.948e-4
-0.236	2.962e-4
-0.235	2.977e-4
-0.234	2.992e-4
-0.233	3.007e-4
-0.232	3.022e-4
-0.231	3.037e-4
-0.230	3.053e-4
-0.229	3.068e-4
-0.228	3.083e-4
-0.227	3.099e-4
-0.226	3.117e-4
-0.225	3.133e-4
-0.224	3.148e-4
-0.223	3.166e-4
-0.222	3.182e-4
-0.221	3.200e-4
-0.220	3.216e-4
-0.219	3.234e-4
-0.218	3.252e-4
-0.217	3.271e-4
-0.216	3.286e-4
-0.215	3.305e-4
-0.214	3.323e-4
-0.213	3.342e-4
-0.212	3.360e-4
-0.211	3.382e-4
-0.210	3.400e-4
-0.209	3.422e-4
-0.208	3.440e-4
-0.207	3.462e-4
-0.206	3.483e-4
-0.205	3.505e-4
-0.204	3.526e-4
-0.203	3.548e-4
-0.202	3.569e-4
-0.201	3.594e-4
-0.200	3.539e-4
-0.201	3.375e-4
-0.202	3.243e-4
-0.203	3.123e-4
-0.204	3.013e-4
-0.205	2.908e-4
-0.206	2.813e-4
-0.207	2.720e-4
-0.208	2.634e-4
-0.209	2.554e-4
-0.210	2.474e-4
-0.211	2.400e-4
-0.212	2.330e-4
-0.213	2.262e-4
-0.214	2.194e-4
-0.215	2.133e-4
-0.216	2.071e-4
-0.217	2.013e-4
-0.218	1.958e-4
-0.219	1.902e-4
-0.220	1.850e-4
-0.221	1.801e-4
-0.222	1.751e-4
-0.223	1.702e-4
-0.224	1.656e-4
-0.225	1.610e-4
-0.226	1.567e-4
-0.227	1.521e-4
-0.228	1.481e-4
-0.229	1.441e-4
-0.230	1.401e-4
-0.231	1.364e-4
-0.232	1.327e-4
-0.233	1.290e-4
-0.234	1.255e-4
-0.235	1.220e-4
-0.236	1.186e-4
-0.237	1.153e-4
-0.238	1.121e-4
-0.239	1.089e-4
-0.240	1.059e-4
-0.241	1.028e-4
-0.242	9.985e-5
-0.243	9.696e-5
-0.244	9.410e-5
-0.245	9.140e-5
-0.246	8.863e-5
-0.247	8.598e-5
-0.248	8.340e-5
-0.249	8.081e-5
-0.250	7.829e-5
-0.251	7.583e-5
-0.252	7.343e-5
-0.253	7.106e-5
-0.254	6.873e-5
-0.255	6.645e-5
-0.256	6.424e-5
-0.257	6.202e-5
-0.258	5.987e-5
-0.259	5.772e-5
-0.260	5.562e-5
-0.261	5.359e-5
-0.262	5.156e-5
-0.263	4.960e-5
-0.264	4.766e-5
-0.265	4.572e-5
-0.266	4.381e-5
-0.267	4.197e-5
-0.268	4.012e-5
-0.269	3.831e-5
-0.270	3.655e-5
-0.271	3.477e-5
-0.272	3.308e-5
-0.273	3.129e-5
-0.274	2.963e-5
-0.275	2.797e-5
-0.276	2.631e-5
-0.277	2.471e-5
-0.278	2.308e-5
-0.279	2.151e-5
-0.280	1.994e-5
-0.281	1.841e-5
-0.282	1.687e-5
-0.283	1.533e-5
-0.284	1.385e-5
-0.285	1.235e-5
-0.286	1.084e-5
-0.287	9.404e-6
-0.288	7.995e-6
-0.289	6.504e-6
-0.290	5.123e-6
-0.291	3.695e-6
-0.292	2.265e-6
-0.293	8.749e-7
-0.294	-5.369e-7
-0.295	-1.924e-6
-0.296	-3.299e-6
-0.297	-4.671e-6
-0.298	-6.036e-6
-0.299	-7.374e-6
-0.300	-8.762e-6
-0.301	-1.011e-5
-0.302	-1.146e-5
-0.303	-1.281e-5
-0.304	-1.414e-5
-0.305	-1.551e-5
-0.306	-1.684e-5
-0.307	-1.824e-5
-0.308	-1.956e-5
-0.309	-2.093e-5
-0.310	-2.224e-5
-0.311	-2.361e-5
-0.312	-2.493e-5
-0.313	-2.633e-5
-0.314	-2.768e-5
-0.315	-2.903e-5
-0.316	-3.050e-5
-0.317	-3.182e-5
-0.318	-3.317e-5
-0.319	-3.459e-5
-0.320	-3.594e-5
-0.321	-3.736e-5
-0.322	-3.874e-5
-0.323	-4.016e-5
-0.324	-4.157e-5
-0.325	-4.302e-5
-0.326	-4.440e-5
-0.327	-4.585e-5
-0.328	-4.726e-5
-0.329	-4.877e-5
-0.330	-5.021e-5
-0.331	-5.169e-5
-0.332	-5.314e-5
-0.333	-5.470e-5
-0.334	-5.615e-5
-0.335	-5.769e-5
-0.336	-5.913e-5
-0.337	-6.070e-5
-0.338	-6.224e-5
-0.339	-6.381e-5
-0.340	-6.538e-5
-0.341	-6.688e-5
-0.342	-6.852e-5
-0.343	-7.005e-5
-0.344	-7.165e-5
-0.345	-7.322e-5
-0.346	-7.485e-5
-0.347	-7.642e-5
-0.348	-7.808e-5
-0.349	-7.968e-5
-0.350	-8.131e-5
-0.351	-8.297e-5
-0.352	-8.457e-5
-0.353	-8.623e-5
-0.354	-8.789e-5
-0.355	-8.952e-5
-0.356	-9.115e-5
-0.357	-9.281e-5
-0.358	-9.444e-5
-0.359	-9.614e-5
-0.360	-9.770e-5
-0.361	-9.940e-5
-0.362	-1.010e-4
-0.363	-1.026e-4
-0.364	-1.043e-4
-0.365	-1.059e-4
-0.366	-1.074e-4
-0.367	-1.091e-4
-0.368	-1.106e-4
-0.369	-1.122e-4
-0.370	-1.137e-4
-0.371	-1.153e-4
-0.372	-1.168e-4
-0.373	-1.183e-4
-0.374	-1.197e-4
-0.375	-1.212e-4
-0.376	-1.226e-4
-0.377	-1.240e-4
-0.378	-1.254e-4
-0.379	-1.267e-4
-0.380	-1.281e-4
-0.381	-1.294e-4
-0.382	-1.306e-4
-0.383	-1.319e-4
-0.384	-1.331e-4
-0.385	-1.343e-4
-0.386	-1.354e-4
-0.387	-1.365e-4
-0.388	-1.377e-4
-0.389	-1.386e-4
-0.390	-1.397e-4
-0.391	-1.406e-4
-0.392	-1.416e-4
-0.393	-1.425e-4
-0.394	-1.433e-4
-0.395	-1.441e-4
-0.396	-1.450e-4
-0.397	-1.457e-4
-0.398	-1.465e-4
-0.399	-1.472e-4
-0.400	-1.478e-4
-0.401	-1.484e-4
-0.402	-1.490e-4
-0.403	-1.496e-4
-0.404	-1.501e-4
-0.405	-1.505e-4
-0.406	-1.510e-4
-0.407	-1.514e-4
-0.408	-1.518e-4
-0.409	-1.522e-4
-0.410	-1.525e-4
-0.411	-1.528e-4
-0.412	-1.531e-4
-0.413	-1.533e-4
-0.414	-1.534e-4
-0.415	-1.536e-4
-0.416	-1.537e-4
-0.417	-1.539e-4
-0.418	-1.539e-4
-0.419	-1.540e-4
-0.420	-1.540e-4
-0.421	-1.541e-4
-0.422	-1.540e-4
-0.423	-1.540e-4
-0.424	-1.539e-4
-0.425	-1.538e-4
-0.426	-1.537e-4
-0.427	-1.536e-4
-0.428	-1.534e-4
-0.429	-1.533e-4
-0.430	-1.531e-4
-0.431	-1.529e-4
-0.432	-1.526e-4
-0.433	-1.524e-4
-0.434	-1.521e-4
-0.435	-1.519e-4
-0.436	-1.516e-4
-0.437	-1.512e-4
-0.438	-1.509e-4
-0.439	-1.506e-4
-0.440	-1.502e-4
-0.441	-1.499e-4
-0.442	-1.495e-4
-0.443	-1.491e-4
-0.444	-1.487e-4
-0.445	-1.483e-4
-0.446	-1.479e-4
-0.447	-1.475e-4
-0.448	-1.470e-4
-0.449	-1.466e-4
-0.450	-1.462e-4
-0.451	-1.457e-4
-0.452	-1.453e-4
-0.453	-1.449e-4
-0.454	-1.444e-4
-0.455	-1.440e-4
-0.456	-1.435e-4
-0.457	-1.431e-4
-0.458	-1.426e-4
-0.459	-1.422e-4
-0.460	-1.417e-4
-0.461	-1.413e-4
-0.462	-1.408e-4
-0.463	-1.404e-4
-0.464	-1.399e-4
-0.465	-1.395e-4
-0.466	-1.391e-4
-0.467	-1.387e-4
-0.468	-1.383e-4
-0.469	-1.379e-4
-0.470	-1.374e-4
-0.471	-1.371e-4
-0.472	-1.366e-4
-0.473	-1.362e-4
-0.474	-1.359e-4
-0.475	-1.355e-4
-0.476	-1.351e-4
-0.477	-1.348e-4
-0.478	-1.344e-4
-0.479	-1.341e-4
-0.480	-1.337e-4
-0.481	-1.334e-4
-0.482	-1.330e-4
-0.483	-1.327e-4
-0.484	-1.324e-4
-0.485	-1.321e-4
-0.486	-1.318e-4
-0.487	-1.315e-4
-0.488	-1.312e-4
-0.489	-1.310e-4
-0.490	-1.307e-4
-0.491	-1.304e-4
-0.492	-1.302e-4
-0.493	-1.299e-4
-0.494	-1.297e-4
-0.495	-1.295e-4
-0.496	-1.292e-4
-0.497	-1.290e-4
-0.498	-1.288e-4
-0.499	-1.286e-4
-0.500	-1.284e-4
-0.501	-1.281e-4
-0.502	-1.279e-4
-0.503	-1.277e-4
-0.504	-1.275e-4
-0.505	-1.274e-4
-0.506	-1.272e-4
-0.507	-1.270e-4
-0.508	-1.268e-4
-0.509	-1.266e-4
-0.510	-1.265e-4
-0.511	-1.263e-4
-0.512	-1.262e-4
-0.513	-1.260e-4
-0.514	-1.258e-4
-0.515	-1.257e-4
-0.516	-1.255e-4
-0.517	-1.254e-4
-0.518	-1.252e-4
-0.519	-1.251e-4
-0.520	-1.249e-4
-0.521	-1.248e-4
-0.522	-1.247e-4
-0.523	-1.245e-4
-0.524	-1.244e-4
-0.525	-1.242e-4
-0.526	-1.242e-4
-0.527	-1.240e-4
-0.528	-1.239e-4
-0.529	-1.238e-4
-0.530	-1.237e-4
-0.531	-1.235e-4
-0.532	-1.234e-4
-0.533	-1.233e-4
-0.534	-1.232e-4
-0.535	-1.230e-4
-0.536	-1.230e-4
-0.537	-1.228e-4
-0.538	-1.228e-4
-0.539	-1.226e-4
-0.540	-1.226e-4
-0.541	-1.224e-4
-0.542	-1.223e-4
-0.543	-1.222e-4
-0.544	-1.222e-4
-0.545	-1.221e-4
-0.546	-1.220e-4
-0.547	-1.218e-4
-0.548	-1.218e-4
-0.549	-1.217e-4
-0.550	-1.216e-4
-0.551	-1.215e-4
-0.552	-1.214e-4
-0.553	-1.213e-4
-0.554	-1.212e-4
-0.555	-1.211e-4
-0.556	-1.211e-4
-0.557	-1.210e-4
-0.558	-1.209e-4
-0.559	-1.208e-4
-0.560	-1.207e-4
-0.561	-1.206e-4
-0.562	-1.206e-4
-0.563	-1.204e-4
-0.564	-1.204e-4
-0.565	-1.202e-4
-0.566	-1.202e-4
-0.567	-1.201e-4
-0.568	-1.200e-4
-0.569	-1.199e-4
-0.570	-1.198e-4
-0.571	-1.198e-4
-0.572	-1.197e-4
-0.573	-1.196e-4
-0.574	-1.195e-4
-0.575	-1.195e-4
-0.576	-1.193e-4
-0.577	-1.193e-4
-0.578	-1.192e-4
-0.579	-1.191e-4
-0.580	-1.190e-4
-0.581	-1.190e-4
-0.582	-1.189e-4
-0.583	-1.188e-4
-0.584	-1.187e-4
-0.585	-1.186e-4
-0.586	-1.185e-4
-0.587	-1.184e-4
-0.588	-1.183e-4
-0.589	-1.183e-4
-0.590	-1.182e-4
-0.591	-1.181e-4
-0.592	-1.180e-4
-0.593	-1.180e-4
-0.594	-1.179e-4
-0.595	-1.178e-4
-0.596	-1.178e-4
-0.597	-1.177e-4
-0.598	-1.176e-4
-0.599	-1.175e-4
-0.600	-1.174e-4
-0.601	-1.174e-4
-0.602	-1.173e-4
-0.603	-1.172e-4
-0.604	-1.171e-4
-0.605	-1.171e-4
-0.606	-1.170e-4
-0.607	-1.169e-4
-0.608	-1.168e-4
-0.609	-1.168e-4
-0.610	-1.167e-4
-0.611	-1.166e-4
-0.612	-1.166e-4
-0.613	-1.165e-4
-0.614	-1.164e-4
-0.615	-1.164e-4
-0.616	-1.162e-4
-0.617	-1.162e-4
-0.618	-1.162e-4
-0.619	-1.160e-4
-0.620	-1.160e-4
-0.621	-1.159e-4
-0.622	-1.158e-4
-0.623	-1.158e-4
-0.624	-1.157e-4
-0.625	-1.157e-4
-0.626	-1.156e-4
-0.627	-1.155e-4
-0.628	-1.155e-4
-0.629	-1.154e-4
-0.630	-1.153e-4
-0.631	-1.153e-4
-0.632	-1.152e-4
-0.633	-1.151e-4
-0.634	-1.151e-4
-0.635	-1.150e-4
-0.636	-1.149e-4
-0.637	-1.149e-4
-0.638	-1.147e-4
-0.639	-1.147e-4
-0.640	-1.147e-4
-0.641	-1.146e-4
-0.642	-1.146e-4
-0.643	-1.144e-4
-0.644	-1.144e-4
-0.645	-1.143e-4
-0.646	-1.143e-4
-0.647	-1.142e-4
-0.648	-1.141e-4
-0.649	-1.141e-4
-0.650	-1.140e-4
-0.651	-1.140e-4
-0.652	-1.139e-4
-0.653	-1.139e-4
-0.654	-1.138e-4
-0.655	-1.138e-4
-0.656	-1.137e-4
-0.657	-1.136e-4
-0.658	-1.136e-4
-0.659	-1.135e-4
-0.660	-1.135e-4
-0.661	-1.134e-4
-0.662	-1.133e-4
-0.663	-1.132e-4
-0.664	-1.132e-4
-0.665	-1.131e-4
-0.666	-1.131e-4
-0.667	-1.131e-4
-0.668	-1.130e-4
-0.669	-1.129e-4
-0.670	-1.129e-4
-0.671	-1.128e-4
-0.672	-1.128e-4
-0.673	-1.127e-4
-0.674	-1.127e-4
-0.675	-1.126e-4
-0.676	-1.125e-4
-0.677	-1.125e-4
-0.678	-1.124e-4
-0.679	-1.124e-4
-0.680	-1.123e-4
-0.681	-1.123e-4
-0.682	-1.122e-4
-0.683	-1.121e-4
-0.684	-1.122e-4
-0.685	-1.121e-4
-0.686	-1.120e-4
-0.687	-1.120e-4
-0.688	-1.119e-4
-0.689	-1.119e-4
-0.690	-1.118e-4
-0.691	-1.117e-4
-0.692	-1.117e-4
-0.693	-1.116e-4
-0.694	-1.116e-4
-0.695	-1.115e-4
-0.696	-1.115e-4
-0.697	-1.115e-4
-0.698	-1.114e-4
-0.699	-1.113e-4
-0.700	-1.113e-4
-0.701	-1.113e-4
-0.702	-1.112e-4
-0.703	-1.112e-4
-0.704	-1.111e-4
-0.705	-1.111e-4
-0.706	-1.110e-4
-0.707	-1.110e-4
-0.708	-1.109e-4
-0.709	-1.109e-4
-0.710	-1.108e-4
-0.711	-1.108e-4
-0.712	-1.107e-4
-0.713	-1.107e-4
-0.714	-1.106e-4
-0.715	-1.106e-4
-0.716	-1.106e-4
-0.717	-1.105e-4
-0.718	-1.105e-4
-0.719	-1.104e-4
-0.720	-1.103e-4
-0.721	-1.103e-4
-0.722	-1.103e-4
-0.723	-1.103e-4
-0.724	-1.102e-4
-0.725	-1.101e-4
-0.726	-1.101e-4
-0.727	-1.101e-4
-0.728	-1.100e-4
-0.729	-1.099e-4
-0.730	-1.099e-4
-0.731	-1.099e-4
-0.732	-1.098e-4
-0.733	-1.098e-4
-0.734	-1.097e-4
-0.735	-1.097e-4
-0.736	-1.096e-4
-0.737	-1.096e-4
-0.738	-1.095e-4
-0.739	-1.095e-4
-0.740	-1.095e-4
-0.741	-1.094e-4
-0.742	-1.093e-4
-0.743	-1.093e-4
-0.744	-1.092e-4
-0.745	-1.092e-4
-0.746	-1.091e-4
-0.747	-1.091e-4
-0.748	-1.091e-4
-0.749	-1.090e-4
-0.750	-1.089e-4
-0.751	-1.089e-4
-0.752	-1.088e-4
-0.753	-1.088e-4
-0.754	-1.088e-4
-0.755	-1.087e-4
-0.756	-1.087e-4
-0.757	-1.086e-4
-0.758	-1.086e-4
-0.759	-1.085e-4
-0.760	-1.084e-4
-0.761	-1.084e-4
-0.762	-1.083e-4
-0.763	-1.083e-4
-0.764	-1.083e-4
-0.765	-1.082e-4
-0.766	-1.081e-4
-0.767	-1.081e-4
-0.768	-1.080e-4
-0.769	-1.080e-4
-0.770	-1.079e-4
-0.771	-1.079e-4
-0.772	-1.079e-4
-0.773	-1.078e-4
-0.774	-1.078e-4
-0.775	-1.078e-4
-0.776	-1.076e-4
-0.777	-1.076e-4
-0.778	-1.076e-4
-0.779	-1.075e-4
-0.780	-1.075e-4
-0.781	-1.075e-4
-0.782	-1.074e-4
-0.783	-1.074e-4
-0.784	-1.074e-4
-0.785	-1.072e-4
-0.786	-1.073e-4
-0.787	-1.072e-4
-0.788	-1.072e-4
-0.789	-1.071e-4
-0.790	-1.071e-4
-0.791	-1.070e-4
-0.792	-1.070e-4
-0.793	-1.070e-4
-0.794	-1.069e-4
-0.795	-1.069e-4
-0.796	-1.069e-4
-0.797	-1.068e-4
-0.798	-1.068e-4
-0.799	-1.067e-4
-0.800	-1.041e-4
-0.799	-1.027e-4
-0.798	-1.019e-4
-0.797	-1.012e-4
-0.796	-1.005e-4
-0.795	-9.986e-5
-0.794	-9.930e-5
-0.793	-9.869e-5
-0.792	-9.813e-5
-0.791	-9.755e-5
-0.790	-9.703e-5
-0.789	-9.657e-5
-0.788	-9.604e-5
-0.787	-9.555e-5
-0.786	-9.506e-5
-0.785	-9.457e-5
-0.784	-9.411e-5
-0.783	-9.368e-5
-0.782	-9.318e-5
-0.781	-9.278e-5
-0.780	-9.232e-5
-0.779	-9.189e-5
-0.778	-9.146e-5
-0.777	-9.106e-5
-0.776	-9.066e-5
-0.775	-9.023e-5
-0.774	-8.980e-5
-0.773	-8.946e-5
-0.772	-8.900e-5
-0.771	-8.866e-5
-0.770	-8.826e-5
-0.769	-8.789e-5
-0.768	-8.749e-5
-0.767	-8.712e-5
-0.766	-8.672e-5
-0.765	-8.639e-5
-0.764	-8.599e-5
-0.763	-8.565e-5
-0.762	-8.531e-5
-0.761	-8.488e-5
-0.760	-8.457e-5
-0.759	-8.420e-5
-0.758	-8.386e-5
-0.757	-8.356e-5
-0.756	-8.316e-5
-0.755	-8.288e-5
-0.754	-8.251e-5
-0.753	-8.217e-5
-0.752	-8.183e-5
-0.751	-8.153e-5
-0.750	-8.119e-5
-0.749	-8.085e-5
-0.748	-8.054e-5
-0.747	-8.020e-5
-0.746	-7.990e-5
-0.745	-7.956e-5
-0.744	-7.925e-5
-0.743	-7.891e-5
-0.742	-7.863e-5
-0.741	-7.830e-5
-0.740	-7.799e-5
-0.739	-7.768e-5
-0.738	-7.740e-5
-0.737	-7.707e-5
-0.736	-7.679e-5
-0.735	-7.651e-5
-0.734	-7.620e-5
-0.733	-7.587e-5
-0.732	-7.559e-5
-0.731	-7.531e-5
-0.730	-7.504e-5
-0.729	-7.473e-5
-0.728	-7.445e-5
-0.727	-7.417e-5
-0.726	-7.387e-5
-0.725	-7.359e-5
-0.724	-7.328e-5
-0.723	-7.304e-5
-0.722	-7.273e-5
-0.721	-7.248e-5
-0.720	-7.218e-5
-0.719	-7.193e-5
-0.718	-7.162e-5
-0.717	-7.134e-5
-0.716	-7.104e-5
-0.715	-7.079e-5
-0.714	-7.051e-5
-0.713	-7.024e-5
-0.712	-6.999e-5
-0.711	-6.968e-5
-0.710	-6.944e-5
-0.709	-6.916e-5
-0.708	-6.891e-5
-0.707	-6.861e-5
-0.706	-6.839e-5
-0.705	-6.808e-5
-0.704	-6.787e-5
-0.703	-6.759e-5
-0.702	-6.732e-5
-0.701	-6.707e-5
-0.700	-6.679e-5
-0.699	-6.655e-5
-0.698	-6.627e-5
-0.697	-6.602e-5
-0.696	-6.575e-5
-0.695	-6.556e-5
-0.694	-6.522e-5
-0.693	-6.501e-5
-0.692	-6.473e-5
-0.691	-6.452e-5
-0.690	-6.424e-5
-0.689	-6.399e-5
-0.688	-6.372e-5
-0.687	-6.350e-5
-0.686	-6.316e-5
-0.685	-6.298e-5
-0.684	-6.270e-5
-0.683	-6.249e-5
-0.682	-6.224e-5
-0.681	-6.199e-5
-0.680	-6.175e-5
-0.679	-6.147e-5
-0.678	-6.126e-5
-0.677	-6.101e-5
-0.676	-6.076e-5
-0.675	-6.052e-5
-0.674	-6.027e-5
-0.673	-6.006e-5
-0.672	-5.978e-5
-0.671	-5.956e-5
-0.670	-5.929e-5
-0.669	-5.907e-5
-0.668	-5.883e-5
-0.667	-5.858e-5
-0.666	-5.833e-5
-0.665	-5.806e-5
-0.664	-5.787e-5
-0.663	-5.763e-5
-0.662	-5.738e-5
-0.661	-5.713e-5
-0.660	-5.689e-5
-0.659	-5.670e-5
-0.658	-5.643e-5
-0.657	-5.621e-5
-0.656	-5.597e-5
-0.655	-5.578e-5
-0.654	-5.547e-5
-0.653	-5.526e-5
-0.652	-5.498e-5
-0.651	-5.477e-5
-0.650	-5.458e-5
-0.649	-5.430e-5
-0.648	-5.409e-5
-0.647	-5.384e-5
-0.646	-5.363e-5
-0.645	-5.338e-5
-0.644	-5.317e-5
-0.643	-5.289e-5
-0.642	-5.271e-5
-0.641	-5.243e-5
-0.640	-5.221e-5
-0.639	-5.197e-5
-0.638	-5.172e-5
-0.637	-5.154e-5
-0.636	-5.126e-5
-0.635	-5.104e-5
-0.634	-5.080e-5
-0.633	-5.061e-5
-0.632	-5.034e-5
-0.631	-5.015e-5
-0.630	-4.988e-5
-0.629	-4.969e-5
-0.628	-4.945e-5
-0.627	-4.920e-5
-0.626	-4.898e-5
-0.625	-4.877e-5
-0.624	-4.852e-5
-0.623	-4.828e-5
-0.622	-4.806e-5
-0.621	-4.781e-5
-0.620	-4.760e-5
-0.619	-4.735e-5
-0.618	-4.717e-5
-0.617	-4.689e-5
-0.616	-4.668e-5
-0.615	-4.640e-5
-0.614	-4.622e-5
-0.613	-4.600e-5
-0.612	-4.575e-5
-0.611	-4.554e-5
-0.610	-4.529e-5
-0.609	-4.508e-5
-0.608	-4.483e-5
-0.607	-4.465e-5
-0.606	-4.437e-5
-0.605	-4.419e-5
-0.604	-4.391e-5
-0.603	-4.375e-5
-0.602	-4.348e-5
-0.601	-4.329e-5
-0.600	-4.302e-5
-0.599	-4.283e-5
-0.598	-4.256e-5
-0.597	-4.240e-5
-0.596	-4.212e-5
-0.595	-4.191e-5
-0.594	-4.169e-5
-0.593	-4.148e-5
-0.592	-4.123e-5
-0.591	-4.102e-5
-0.590	-4.080e-5
-0.589	-4.056e-5
-0.588	-4.034e-5
-0.587	-4.006e-5
-0.586	-3.991e-5
-0.585	-3.963e-5
-0.584	-3.942e-5
-0.583	-3.920e-5
-0.582	-3.896e-5
-0.581	-3.877e-5
-0.580	-3.853e-5
-0.579	-3.865e-5
-0.578	-3.810e-5
-0.577	-3.779e-5
-0.576	-3.757e-5
-0.575	-3.742e-5
-0.574	-3.714e-5
-0.573	-3.696e-5
-0.572	-3.671e-5
-0.571	-3.647e-5
-0.570	-3.625e-5
-0.569	-3.603e-5
-0.568	-3.579e-5
-0.567	-3.557e-5
-0.566	-3.536e-5
-0.565	-3.514e-5
-0.564	-3.487e-5
-0.563	-3.468e-5
-0.562	-3.447e-5
-0.561	-3.422e-5
-0.560	-3.400e-5
-0.559	-3.379e-5
-0.558	-3.351e-5
-0.557	-3.336e-5
-0.556	-3.308e-5
-0.555	-3.284e-5
-0.554	-3.268e-5
-0.553	-3.241e-5
-0.552	-3.219e-5
-0.551	-3.197e-5
-0.550	-3.170e-5
-0.549	-3.151e-5
-0.548	-3.127e-5
-0.547	-3.102e-5
-0.546	-3.084e-5
-0.545	-3.056e-5
-0.544	-3.034e-5
-0.543	-3.016e-5
-0.542	-2.988e-5
-0.541	-2.973e-5
-0.540	-2.945e-5
-0.539	-2.921e-5
-0.538	-2.899e-5
-0.537	-2.875e-5
-0.536	-2.853e-5
-0.535	-2.831e-5
-0.534	-2.807e-5
-0.533	-2.785e-5
-0.532	-2.761e-5
-0.531	-2.742e-5
-0.530	-2.718e-5
-0.529	-2.693e-5
-0.528	-2.672e-5
-0.527	-2.653e-5
-0.526	-2.622e-5
-0.525	-2.601e-5
-0.524	-2.576e-5
-0.523	-2.555e-5
-0.522	-2.533e-5
-0.521	-2.502e-5
-0.520	-2.487e-5
-0.519	-2.462e-5
-0.518	-2.435e-5
-0.517	-2.416e-5
-0.516	-2.389e-5
-0.515	-2.364e-5
-0.514	-2.342e-5
-0.513	-2.318e-5
-0.512	-2.293e-5
-0.511	-2.272e-5
-0.510	-2.247e-5
-0.509	-2.226e-5
-0.508	-2.198e-5
-0.507	-2.176e-5
-0.506	-2.149e-5
-0.505	-2.127e-5
-0.504	-2.102e-5
-0.503	-2.078e-5
-0.502	-2.050e-5
-0.501	-2.029e-5
-0.500	-2.004e-5
-0.499	-1.979e-5
-0.498	-1.955e-5
-0.497	-1.927e-5
-0.496	-1.906e-5
-0.495	-1.878e-5
-0.494	-1.853e-5
-0.493	-1.826e-5
-0.492	-1.804e-5
-0.491	-1.773e-5
-0.490	-1.752e-5
-0.489	-1.724e-5
-0.488	-1.696e-5
-0.487	-1.666e-5
-0.486	-1.641e-5
-0.485	-1.613e-5
-0.484	-1.583e-5
-0.483	-1.558e-5
-0.482	-1.533e-5
-0.481	-1.500e-5
-0.480	-1.472e-5
-0.479	-1.444e-5
-0.478	-1.410e-5
-0.477	-1.386e-5
-0.476	-1.345e-5
-0.475	-1.318e-5
-0.474	-1.293e-5
-0.473	-1.259e-5
-0.472	-1.229e-5
-0.471	-1.195e-5
-0.470	-1.161e-5
-0.469	-1.131e-5
-0.468	-1.094e-5
-0.467	-1.062e-5
-0.466	-1.027e-5
-0.465	-9.912e-6
-0.464	-9.540e-6
-0.463	-9.158e-6
-0.462	-8.811e-6
-0.461	-8.420e-6
-0.460	-8.002e-6
-0.459	-7.654e-6
-0.458	-7.211e-6
-0.457	-6.827e-6
-0.456	-6.381e-6
-0.455	-5.975e-6
-0.454	-5.517e-6
-0.453	-5.080e-6
-0.452	-4.622e-6
-0.451	-4.126e-6
-0.450	-3.702e-6
-0.449	-3.170e-6
-0.448	-2.681e-6
-0.447	-2.201e-6
-0.446	-1.626e-6
-0.445	-1.146e-6
-0.444	-5.646e-7
-0.443	-1.403e-8
-0.442	6.384e-7
-0.441	1.143e-6
-0.440	1.725e-6
-0.439	2.314e-6
-0.438	3.080e-6
-0.437	3.578e-6
-0.436	4.283e-6
-0.435	4.916e-6
-0.434	5.609e-6
-0.433	6.313e-6
-0.432	6.999e-6
-0.431	7.725e-6
-0.430	8.503e-6
-0.429	9.226e-6
-0.428	1.005e-5
-0.427	1.079e-5
-0.426	1.160e-5
-0.425	1.242e-5
-0.424	1.328e-5
-0.423	1.413e-5
-0.422	1.502e-5
-0.421	1.590e-5
-0.420	1.682e-5
-0.419	1.777e-5
-0.418	1.867e-5
-0.417	1.968e-5
-0.416	2.063e-5
-0.415	2.167e-5
-0.414	2.268e-5
-0.413	2.373e-5
-0.412	2.478e-5
-0.411	2.587e-5
-0.410	2.700e-5
-0.409	2.815e-5
-0.408	2.925e-5
-0.407	3.046e-5
-0.406	3.163e-5
-0.405	3.280e-5
-0.404	3.406e-5
-0.403	3.526e-5
-0.402	3.652e-5
-0.401	3.781e-5
-0.400	3.911e-5
-0.399	4.043e-5
-0.398	4.181e-5
-0.397	4.314e-5
-0.396	4.458e-5
-0.395	4.594e-5
-0.394	4.738e-5
-0.393	4.886e-5
-0.392	5.033e-5
-0.391	5.181e-5
-0.390	5.335e-5
-0.389	5.482e-5
-0.388	5.645e-5
-0.387	5.799e-5
-0.386	5.956e-5
-0.385	6.122e-5
-0.384	6.282e-5
-0.383	6.454e-5
-0.382	6.617e-5
-0.381	6.783e-5
-0.380	6.959e-5
-0.379	7.125e-5
-0.378	7.303e-5
-0.377	7.479e-5
-0.376	7.657e-5
-0.375	7.835e-5
-0.374	8.023e-5
-0.373	8.201e-5
-0.372	8.386e-5
-0.371	8.577e-5
-0.370	8.761e-5
-0.369	8.955e-5
-0.368	9.143e-5
-0.367	9.339e-5
-0.366	9.533e-5
-0.365	9.727e-5
-0.364	9.930e-5
-0.363	1.012e-4
-0.362	1.032e-4
-0.361	1.053e-4
-0.360	1.072e-4
-0.359	1.094e-4
-0.358	1.114e-4
-0.357	1.135e-4
-0.356	1.156e-4
-0.355	1.176e-4
-0.354	1.197e-4
-0.353	1.218e-4
-0.352	1.240e-4
-0.351	1.261e-4
-0.350	1.282e-4
-0.349	1.303e-4
-0.348	1.325e-4
-0.347	1.346e-4
-0.346	1.367e-4
-0.345	1.389e-4
-0.344	1.410e-4
-0.343	1.432e-4
-0.342	1.453e-4
-0.341	1.474e-4
-0.340	1.495e-4
-0.339	1.517e-4
-0.338	1.538e-4
-0.337	1.559e-4
-0.336	1.580e-4
-0.335	1.600e-4
-0.334	1.621e-4
-0.333	1.642e-4
-0.332	1.663e-4
-0.331	1.683e-4
-0.330	1.703e-4
-0.329	1.723e-4
-0.328	1.743e-4
-0.327	1.763e-4
-0.326	1.782e-4
-0.325	1.801e-4
-0.324	1.821e-4
-0.323	1.839e-4
-0.322	1.858e-4
-0.321	1.877e-4
-0.320	1.895e-4
-0.319	1.915e-4
-0.318	1.932e-4
-0.317	1.950e-4
-0.316	1.968e-4
-0.315	1.986e-4
-0.314	2.003e-4
-0.313	2.021e-4
-0.312	2.038e-4
-0.311	2.055e-4
-0.310	2.072e-4
-0.309	2.088e-4
-0.308	2.105e-4
-0.307	2.123e-4
-0.306	2.139e-4
-0.305	2.155e-4
-0.304	2.170e-4
-0.303	2.186e-4
-0.302	2.202e-4
-0.301	2.218e-4
-0.300	2.234e-4
-0.299	2.249e-4
-0.298	2.264e-4
-0.297	2.279e-4
-0.296	2.293e-4
-0.295	2.309e-4
-0.294	2.324e-4
-0.293	2.338e-4
-0.292	2.353e-4
-0.291	2.367e-4
-0.290	2.381e-4
-0.289	2.396e-4
-0.288	2.409e-4
-0.287	2.424e-4
-0.286	2.438e-4
-0.285	2.452e-4
-0.284	2.466e-4
-0.283	2.479e-4
-0.282	2.493e-4
-0.281	2.507e-4
-0.280	2.520e-4
-0.279	2.534e-4
-0.278	2.547e-4
-0.277	2.561e-4
-0.276	2.575e-4
-0.275	2.587e-4
-0.274	2.601e-4
-0.273	2.615e-4
-0.272	2.627e-4
-0.271	2.641e-4
-0.270	2.654e-4
-0.269	2.667e-4
-0.268	2.681e-4
-0.267	2.694e-4
-0.266	2.707e-4
-0.265	2.720e-4
-0.264	2.733e-4
-0.263	2.746e-4
-0.262	2.759e-4
-0.261	2.772e-4
-0.260	2.786e-4
-0.259	2.799e-4
-0.258	2.812e-4
-0.257	2.825e-4
-0.256	2.839e-4
-0.255	2.852e-4
-0.254	2.866e-4
-0.253	2.878e-4
-0.252	2.892e-4
-0.251	2.905e-4
-0.250	2.919e-4
-0.249	2.932e-4
-0.248	2.946e-4
-0.247	2.959e-4
-0.246	2.973e-4
-0.245	2.986e-4
-0.244	3.001e-4
-0.243	3.014e-4
-0.242	3.028e-4
-0.241	3.040e-4
-0.240	3.056e-4
-0.239	3.068e-4
-0.238	3.083e-4
-0.237	3.099e-4
-0.236	3.111e-4
-0.235	3.126e-4
-0.234	3.142e-4
-0.233	3.157e-4
-0.232	3.172e-4
-0.231	3.188e-4
-0.230	3.200e-4
-0.229	3.216e-4
-0.228	3.231e-4
-0.227	3.246e-4
-0.226	3.262e-4
-0.225	3.280e-4
-0.224	3.296e-4
-0.223	3.311e-4
-0.222	3.329e-4
-0.221	3.345e-4
-0.220	3.360e-4
-0.219	3.379e-4
-0.218	3.394e-4
-0.217	3.412e-4
-0.216	3.428e-4
-0.215	3.449e-4
-0.214	3.465e-4
-0.213	3.483e-4
-0.212	3.502e-4
-0.211	3.520e-4
-0.210	3.542e-4
-0.209	3.560e-4
-0.208	3.578e-4
-0.207	3.600e-4
-0.206	3.622e-4
-0.205	3.643e-4
-0.204	3.665e-4
-0.203	3.686e-4
-0.202	3.708e-4
-0.201	3.729e-4
-0.200	3.671e-4
-0.201	3.505e-4
-0.202	3.369e-4
-0.203	3.243e-4
-0.204	3.129e-4
-0.205	3.022e-4
-0.206	2.923e-4
-0.207	2.831e-4
-0.208	2.742e-4
-0.209	2.656e-4
-0.210	2.576e-4
-0.211	2.499e-4
-0.212	2.425e-4
-0.213	2.354e-4
-0.214	2.287e-4
-0.215	2.222e-4
-0.216	2.161e-4
-0.217	2.099e-4
-0.218	2.041e-4
-0.219	1.985e-4
-0.220	1.930e-4
-0.221	1.878e-4
-0.222	1.828e-4
-0.223	1.779e-4
-0.224	1.730e-4
-0.225	1.684e-4
-0.226	1.638e-4
-0.227	1.595e-4
-0.228	1.548e-4
-0.229	1.508e-4
-0.230	1.469e-4
-0.231	1.429e-4
-0.232	1.391e-4
-0.233	1.353e-4
-0.234	1.317e-4
-0.235	1.281e-4
-0.236	1.246e-4
-0.237	1.211e-4
-0.238	1.178e-4
-0.239	1.145e-4
-0.240	1.114e-4
-0.241	1.082e-4
-0.242	1.051e-4
-0.243	1.021e-4
-0.244	9.915e-5
-0.245	9.629e-5
-0.246	9.346e-5
-0.247	9.069e-5
-0.248	8.798e-5
-0.249	8.534e-5
-0.250	8.269e-5
-0.251	8.020e-5
-0.252	7.762e-5
-0.253	7.522e-5
-0.254	7.276e-5
-0.255	7.036e-5
-0.256	6.805e-5
-0.257	6.574e-5
-0.258	6.350e-5
-0.259	6.131e-5
-0.260	5.907e-5
-0.261	5.695e-5
-0.262	5.482e-5
-0.263	5.273e-5
-0.264	5.070e-5
-0.265	4.867e-5
-0.266	4.673e-5
-0.267	4.474e-5
-0.268	4.283e-5
-0.269	4.092e-5
-0.270	3.905e-5
-0.271	3.717e-5
-0.272	3.539e-5
-0.273	3.354e-5
-0.274	3.182e-5
-0.275	3.003e-5
-0.276	2.831e-5
-0.277	2.656e-5
-0.278	2.490e-5
-0.279	2.317e-5
-0.280	2.154e-5
-0.281	1.988e-5
-0.282	1.828e-5
-0.283	1.665e-5
-0.284	1.505e-5
-0.285	1.349e-5
-0.286	1.195e-5
-0.287	1.034e-5
-0.288	8.844e-6
-0.289	7.297e-6
-0.290	5.781e-6
-0.291	4.298e-6
-0.292	2.760e-6
-0.293	1.302e-6
-0.294	-1.986e-7
-0.295	-1.723e-6
-0.296	-3.125e-6
-0.297	-4.671e-6
-0.298	-6.098e-6
-0.299	-7.519e-6
-0.300	-9.011e-6
-0.301	-1.044e-5
-0.302	-1.191e-5
-0.303	-1.334e-5
-0.304	-1.477e-5
-0.305	-1.624e-5
-0.306	-1.766e-5
-0.307	-1.916e-5
-0.308	-2.060e-5
-0.309	-2.205e-5
-0.310	-2.348e-5
-0.311	-2.494e-5
-0.312	-2.636e-5
-0.313	-2.783e-5
-0.314	-2.933e-5
-0.315	-3.087e-5
-0.316	-3.231e-5
-0.317	-3.376e-5
-0.318	-3.520e-5
-0.319	-3.671e-5
-0.320	-3.819e-5
-0.321	-3.973e-5
-0.322	-4.123e-5
-0.323	-4.274e-5
-0.324	-4.425e-5
-0.325	-4.572e-5
-0.326	-4.732e-5
-0.327	-4.886e-5
-0.328	-5.040e-5
-0.329	-5.200e-5
-0.330	-5.351e-5
-0.331	-5.514e-5
-0.332	-5.670e-5
-0.333	-5.833e-5
-0.334	-5.990e-5
-0.335	-6.153e-5
-0.336	-6.313e-5
-0.337	-6.479e-5
-0.338	-6.642e-5
-0.339	-6.808e-5
-0.340	-6.975e-5
-0.341	-7.144e-5
-0.342	-7.313e-5
-0.343	-7.479e-5
-0.344	-7.645e-5
-0.345	-7.817e-5
-0.346	-7.990e-5
-0.347	-8.156e-5
-0.348	-8.331e-5
-0.349	-8.500e-5
-0.350	-8.675e-5
-0.351	-8.848e-5
-0.352	-9.023e-5
-0.353	-9.192e-5
-0.354	-9.368e-5
-0.355	-9.540e-5
-0.356	-9.715e-5
-0.357	-9.887e-5
-0.358	-1.006e-4
-0.359	-1.024e-4
-0.360	-1.040e-4
-0.361	-1.058e-4
-0.362	-1.075e-4
-0.363	-1.091e-4
-0.364	-1.109e-4
-0.365	-1.125e-4
-0.366	-1.142e-4
-0.367	-1.159e-4
-0.368	-1.175e-4
-0.369	-1.191e-4
-0.370	-1.207e-4
-0.371	-1.223e-4
-0.372	-1.239e-4
-0.373	-1.254e-4
-0.374	-1.270e-4
-0.375	-1.284e-4
-0.376	-1.299e-4
-0.377	-1.314e-4
-0.378	-1.328e-4
-0.379	-1.342e-4
-0.380	-1.355e-4
-0.381	-1.368e-4
-0.382	-1.382e-4
-0.383	-1.394e-4
-0.384	-1.406e-4
-0.385	-1.418e-4
-0.386	-1.430e-4
-0.387	-1.441e-4
-0.388	-1.452e-4
-0.389	-1.463e-4
-0.390	-1.473e-4
-0.391	-1.483e-4
-0.392	-1.492e-4
-0.393	-1.501e-4
-0.394	-1.510e-4
-0.395	-1.518e-4
-0.396	-1.526e-4
-0.397	-1.533e-4
-0.398	-1.541e-4
-0.399	-1.547e-4
-0.400	-1.553e-4
-0.401	-1.560e-4
-0.402	-1.565e-4
-0.403	-1.570e-4
-0.404	-1.576e-4
-0.405	-1.580e-4
-0.406	-1.584e-4
-0.407	-1.588e-4
-0.408	-1.592e-4
-0.409	-1.595e-4
-0.410	-1.599e-4
-0.411	-1.601e-4
-0.412	-1.603e-4
-0.413	-1.605e-4
-0.414	-1.607e-4
-0.415	-1.608e-4
-0.416	-1.609e-4
-0.417	-1.610e-4
-0.418	-1.610e-4
-0.419	-1.610e-4
-0.420	-1.610e-4
-0.421	-1.610e-4
-0.422	-1.609e-4
-0.423	-1.609e-4
-0.424	-1.608e-4
-0.425	-1.607e-4
-0.426	-1.605e-4
-0.427	-1.603e-4
-0.428	-1.601e-4
-0.429	-1.599e-4
-0.430	-1.597e-4
-0.431	-1.595e-4
-0.432	-1.592e-4
-0.433	-1.589e-4
-0.434	-1.586e-4
-0.435	-1.583e-4
-0.436	-1.580e-4
-0.437	-1.576e-4
-0.438	-1.573e-4
-0.439	-1.569e-4
-0.440	-1.565e-4
-0.441	-1.561e-4
-0.442	-1.557e-4
-0.443	-1.553e-4
-0.444	-1.549e-4
-0.445	-1.544e-4
-0.446	-1.539e-4
-0.447	-1.535e-4
-0.448	-1.530e-4
-0.449	-1.526e-4
-0.450	-1.521e-4
-0.451	-1.516e-4
-0.452	-1.511e-4
-0.453	-1.506e-4
-0.454	-1.501e-4
-0.455	-1.496e-4
-0.456	-1.491e-4
-0.457	-1.486e-4
-0.458	-1.481e-4
-0.459	-1.475e-4
-0.460	-1.471e-4
-0.461	-1.466e-4
-0.462	-1.461e-4
-0.463	-1.456e-4
-0.464	-1.451e-4
-0.465	-1.445e-4
-0.466	-1.441e-4
-0.467	-1.435e-4
-0.468	-1.431e-4
-0.469	-1.425e-4
-0.470	-1.421e-4
-0.471	-1.416e-4
-0.472	-1.411e-4
-0.473	-1.406e-4
-0.474	-1.402e-4
-0.475	-1.397e-4
-0.476	-1.393e-4
-0.477	-1.389e-4
-0.478	-1.388e-4
-0.479	-1.381e-4
-0.480	-1.376e-4
-0.481	-1.372e-4
-0.482	-1.367e-4
-0.483	-1.363e-4
-0.484	-1.359e-4
-0.485	-1.355e-4
-0.486	-1.351e-4
-0.487	-1.347e-4
-0.488	-1.343e-4
-0.489	-1.340e-4
-0.490	-1.336e-4
-0.491	-1.332e-4
-0.492	-1.329e-4
-0.493	-1.326e-4
-0.494	-1.322e-4
-0.495	-1.319e-4
-0.496	-1.315e-4
-0.497	-1.313e-4
-0.498	-1.309e-4
-0.499	-1.306e-4
-0.500	-1.303e-4
-0.501	-1.300e-4
-0.502	-1.297e-4
-0.503	-1.294e-4
-0.504	-1.292e-4
-0.505	-1.289e-4
-0.506	-1.286e-4
-0.507	-1.283e-4
-0.508	-1.281e-4
-0.509	-1.278e-4
-0.510	-1.275e-4
-0.511	-1.273e-4
-0.512	-1.271e-4
-0.513	-1.268e-4
-0.514	-1.266e-4
-0.515	-1.263e-4
-0.516	-1.262e-4
-0.517	-1.259e-4
-0.518	-1.257e-4
-0.519	-1.254e-4
-0.520	-1.252e-4
-0.521	-1.250e-4
-0.522	-1.248e-4
-0.523	-1.246e-4
-0.524	-1.243e-4
-0.525	-1.241e-4
-0.526	-1.239e-4
-0.527	-1.237e-4
-0.528	-1.235e-4
-0.529	-1.234e-4
-0.530	-1.232e-4
-0.531	-1.230e-4
-0.532	-1.228e-4
-0.533	-1.226e-4
-0.534	-1.224e-4
-0.535	-1.222e-4
-0.536	-1.221e-4
-0.537	-1.219e-4
-0.538	-1.218e-4
-0.539	-1.216e-4
-0.540	-1.214e-4
-0.541	-1.213e-4
-0.542	-1.211e-4
-0.543	-1.210e-4
-0.544	-1.208e-4
-0.545	-1.207e-4
-0.546	-1.205e-4
-0.547	-1.203e-4
-0.548	-1.202e-4
-0.549	-1.201e-4
-0.550	-1.199e-4
-0.551	-1.198e-4
-0.552	-1.196e-4
-0.553	-1.195e-4
-0.554	-1.194e-4
-0.555	-1.192e-4
-0.556	-1.191e-4
-0.557	-1.190e-4
-0.558	-1.189e-4
-0.559	-1.187e-4
-0.560	-1.186e-4
-0.561	-1.185e-4
-0.562	-1.183e-4
-0.563	-1.182e-4
-0.564	-1.181e-4
-0.565	-1.180e-4
-0.566	-1.178e-4
-0.567	-1.178e-4
-0.568	-1.176e-4
-0.569	-1.175e-4
-0.570	-1.174e-4
-0.571	-1.173e-4
-0.572	-1.171e-4
-0.573	-1.170e-4
-0.574	-1.169e-4
-0.575	-1.168e-4
-0.576	-1.167e-4
-0.577	-1.166e-4
-0.578	-1.165e-4
-0.579	-1.163e-4
-0.580	-1.163e-4
-0.581	-1.161e-4
-0.582	-1.160e-4
-0.583	-1.159e-4
-0.584	-1.158e-4
-0.585	-1.157e-4
-0.586	-1.156e-4
-0.587	-1.155e-4
-0.588	-1.154e-4
-0.589	-1.153e-4
-0.590	-1.152e-4
-0.591	-1.151e-4
-0.592	-1.150e-4
-0.593	-1.149e-4
-0.594	-1.148e-4
-0.595	-1.147e-4
-0.596	-1.147e-4
-0.597	-1.145e-4
-0.598	-1.144e-4
-0.599	-1.144e-4
-0.600	-1.143e-4
-0.601	-1.142e-4
-0.602	-1.141e-4
-0.603	-1.140e-4
-0.604	-1.139e-4
-0.605	-1.138e-4
-0.606	-1.137e-4
-0.607	-1.136e-4
-0.608	-1.135e-4
-0.609	-1.135e-4
-0.610	-1.134e-4
-0.611	-1.133e-4
-0.612	-1.132e-4
-0.613	-1.131e-4
-0.614	-1.131e-4
-0.615	-1.130e-4
-0.616	-1.129e-4
-0.617	-1.128e-4
-0.618	-1.127e-4
-0.619	-1.126e-4
-0.620	-1.126e-4
-0.621	-1.125e-4
-0.622	-1.124e-4
-0.623	-1.123e-4
-0.624	-1.122e-4
-0.625	-1.122e-4
-0.626	-1.121e-4
-0.627	-1.120e-4
-0.628	-1.119e-4
-0.629	-1.119e-4
-0.630	-1.118e-4
-0.631	-1.117e-4
-0.632	-1.116e-4
-0.633	-1.116e-4
-0.634	-1.115e-4
-0.635	-1.114e-4
-0.636	-1.114e-4
-0.637	-1.113e-4
-0.638	-1.112e-4
-0.639	-1.111e-4
-0.640	-1.111e-4
-0.641	-1.110e-4
-0.642	-1.109e-4
-0.643	-1.109e-4
-0.644	-1.108e-4
-0.645	-1.107e-4
-0.646	-1.107e-4
-0.647	-1.106e-4
-0.648	-1.105e-4
-0.649	-1.105e-4
-0.650	-1.104e-4
-0.651	-1.103e-4
-0.652	-1.103e-4
-0.653	-1.102e-4
-0.654	-1.102e-4
-0.655	-1.101e-4
-0.656	-1.100e-4
-0.657	-1.099e-4
-0.658	-1.099e-4
-0.659	-1.098e-4
-0.660	-1.098e-4
-0.661	-1.097e-4
-0.662	-1.096e-4
-0.663	-1.096e-4
-0.664	-1.095e-4
-0.665	-1.095e-4
-0.666	-1.094e-4
-0.667	-1.094e-4
-0.668	-1.093e-4
-0.669	-1.092e-4
-0.670	-1.091e-4
-0.671	-1.091e-4
-0.672	-1.090e-4
-0.673	-1.090e-4
-0.674	-1.089e-4
-0.675	-1.089e-4
-0.676	-1.088e-4
-0.677	-1.088e-4
-0.678	-1.087e-4
-0.679	-1.087e-4
-0.680	-1.086e-4
-0.681	-1.086e-4
-0.682	-1.085e-4
-0.683	-1.085e-4
-0.684	-1.084e-4
-0.685	-1.084e-4
-0.686	-1.083e-4
-0.687	-1.083e-4
-0.688	-1.082e-4
-0.689	-1.082e-4
-0.690	-1.081e-4
-0.691	-1.080e-4
-0.692	-1.080e-4
-0.693	-1.079e-4
-0.694	-1.079e-4
-0.695	-1.079e-4
-0.696	-1.078e-4
-0.697	-1.078e-4
-0.698	-1.077e-4
-0.699	-1.076e-4
-0.700	-1.076e-4
-0.701	-1.076e-4
-0.702	-1.075e-4
-0.703	-1.075e-4
-0.704	-1.074e-4
-0.705	-1.074e-4
-0.706	-1.073e-4
-0.707	-1.073e-4
-0.708	-1.072e-4
-0.709	-1.072e-4
-0.710	-1.071e-4
-0.711	-1.071e-4
-0.712	-1.071e-4
-0.713	-1.071e-4
-0.714	-1.070e-4
-0.715	-1.069e-4
-0.716	-1.069e-4
-0.717	-1.069e-4
-0.718	-1.068e-4
-0.719	-1.068e-4
-0.720	-1.067e-4
-0.721	-1.067e-4
-0.722	-1.067e-4
-0.723	-1.066e-4
-0.724	-1.066e-4
-0.725	-1.066e-4
-0.726	-1.065e-4
-0.727	-1.065e-4
-0.728	-1.064e-4
-0.729	-1.063e-4
-0.730	-1.063e-4
-0.731	-1.063e-4
-0.732	-1.062e-4
-0.733	-1.062e-4
-0.734	-1.061e-4
-0.735	-1.061e-4
-0.736	-1.061e-4
-0.737	-1.060e-4
-0.738	-1.060e-4
-0.739	-1.059e-4
-0.740	-1.059e-4
-0.741	-1.059e-4
-0.742	-1.058e-4
-0.743	-1.058e-4
-0.744	-1.057e-4
-0.745	-1.057e-4
-0.746	-1.056e-4
-0.747	-1.056e-4
-0.748	-1.056e-4
-0.749	-1.055e-4
-0.750	-1.055e-4
-0.751	-1.054e-4
-0.752	-1.054e-4
-0.753	-1.053e-4
-0.754	-1.053e-4
-0.755	-1.052e-4
-0.756	-1.052e-4
-0.757	-1.051e-4
-0.758	-1.051e-4
-0.759	-1.051e-4
-0.760	-1.050e-4
-0.761	-1.050e-4
-0.762	-1.049e-4
-0.763	-1.048e-4
-0.764	-1.048e-4
-0.765	-1.048e-4
-0.766	-1.047e-4
-0.767	-1.047e-4
-0.768	-1.047e-4
-0.769	-1.046e-4
-0.770	-1.046e-4
-0.771	-1.045e-4
-0.772	-1.045e-4
-0.773	-1.044e-4
-0.774	-1.043e-4
-0.775	-1.043e-4
-0.776	-1.043e-4
-0.777	-1.042e-4
-0.778	-1.042e-4
-0.779	-1.041e-4
-0.780	-1.041e-4
-0.781	-1.041e-4
-0.782	-1.040e-4
-0.783	-1.039e-4
-0.784	-1.039e-4
-0.785	-1.039e-4
-0.786	-1.038e-4
-0.787	-1.038e-4
-0.788	-1.037e-4
-0.789	-1.037e-4
-0.790	-1.036e-4
-0.791	-1.036e-4
-0.792	-1.035e-4
-0.793	-1.035e-4
-0.794	-1.035e-4
-0.795	-1.035e-4
-0.796	-1.034e-4
-0.797	-1.034e-4
-0.798	-1.033e-4
-0.799	-1.033e-4
-0.800	-1.006e-4
-0.799	-9.933e-5
-0.798	-9.850e-5
-0.797	-9.789e-5
-0.796	-9.721e-5
-0.795	-9.666e-5
-0.794	-9.607e-5
-0.793	-9.552e-5
-0.792	-9.500e-5
-0.791	-9.444e-5
-0.790	-9.395e-5
-0.789	-9.346e-5
-0.788	-9.300e-5
-0.787	-9.251e-5
-0.786	-9.208e-5
-0.785	-9.158e-5
-0.784	-9.115e-5
-0.783	-9.072e-5
-0.782	-9.029e-5
-0.781	-8.986e-5
-0.780	-8.943e-5
-0.779	-8.903e-5
-0.778	-8.866e-5
-0.777	-8.820e-5
-0.776	-8.783e-5
-0.775	-8.743e-5
-0.774	-8.703e-5
-0.773	-8.666e-5
-0.772	-8.626e-5
-0.771	-8.589e-5
-0.770	-8.549e-5
-0.769	-8.519e-5
-0.768	-8.479e-5
-0.767	-8.445e-5
-0.766	-8.411e-5
-0.765	-8.374e-5
-0.764	-8.337e-5
-0.763	-8.303e-5
-0.762	-8.269e-5
-0.761	-8.236e-5
-0.760	-8.202e-5
-0.759	-8.168e-5
-0.758	-8.131e-5
-0.757	-8.100e-5
-0.756	-8.066e-5
-0.755	-8.039e-5
-0.754	-8.002e-5
-0.753	-7.971e-5
-0.752	-7.940e-5
-0.751	-7.913e-5
-0.750	-7.876e-5
-0.749	-7.845e-5
-0.748	-7.814e-5
-0.747	-7.780e-5
-0.746	-7.756e-5
-0.745	-7.722e-5
-0.744	-7.694e-5
-0.743	-7.660e-5
-0.742	-7.633e-5
-0.741	-7.602e-5
-0.740	-7.574e-5
-0.739	-7.544e-5
-0.738	-7.519e-5
-0.737	-7.485e-5
-0.736	-7.457e-5
-0.735	-7.430e-5
-0.734	-7.399e-5
-0.733	-7.374e-5
-0.732	-7.344e-5
-0.731	-7.316e-5
-0.730	-7.288e-5
-0.729	-7.261e-5
-0.728	-7.233e-5
-0.727	-7.205e-5
-0.726	-7.178e-5
-0.725	-7.150e-5
-0.724	-7.122e-5
-0.723	-7.094e-5
-0.722	-7.070e-5
-0.721	-7.042e-5
-0.720	-7.015e-5
-0.719	-6.990e-5
-0.718	-6.959e-5
-0.717	-6.935e-5
-0.716	-6.907e-5
-0.715	-6.882e-5
-0.714	-6.858e-5
-0.713	-6.827e-5
-0.712	-6.805e-5
-0.711	-6.778e-5
-0.710	-6.750e-5
-0.709	-6.728e-5
-0.708	-6.698e-5
-0.707	-6.673e-5
-0.706	-6.652e-5
-0.705	-6.621e-5
-0.704	-6.599e-5
-0.703	-6.572e-5
-0.702	-6.547e-5
-0.701	-6.525e-5
-0.700	-6.498e-5
-0.699	-6.473e-5
-0.698	-6.449e-5
-0.697	-6.421e-5
-0.696	-6.399e-5
-0.695	-6.375e-5
-0.694	-6.353e-5
-0.693	-6.326e-5
-0.692	-6.301e-5
-0.691	-6.276e-5
-0.690	-6.255e-5
-0.689	-6.227e-5
-0.688	-6.203e-5
-0.687	-6.181e-5
-0.686	-6.156e-5
-0.685	-6.132e-5
-0.684	-6.110e-5
-0.683	-6.083e-5
-0.682	-6.061e-5
-0.681	-6.039e-5
-0.680	-6.012e-5
-0.679	-5.990e-5
-0.678	-5.969e-5
-0.677	-5.941e-5
-0.676	-5.920e-5
-0.675	-5.895e-5
-0.674	-5.873e-5
-0.673	-5.852e-5
-0.672	-5.824e-5
-0.671	-5.806e-5
-0.670	-5.778e-5
-0.669	-5.760e-5
-0.668	-5.732e-5
-0.667	-5.710e-5
-0.666	-5.689e-5
-0.665	-5.661e-5
-0.664	-5.643e-5
-0.663	-5.621e-5
-0.662	-5.597e-5
-0.661	-5.575e-5
-0.660	-5.547e-5
-0.659	-5.529e-5
-0.658	-5.504e-5
-0.657	-5.483e-5
-0.656	-5.458e-5
-0.655	-5.437e-5
-0.654	-5.412e-5
-0.653	-5.391e-5
-0.652	-5.369e-5
-0.651	-5.344e-5
-0.650	-5.326e-5
-0.649	-5.298e-5
-0.648	-5.280e-5
-0.647	-5.255e-5
-0.646	-5.234e-5
-0.645	-5.209e-5
-0.644	-5.188e-5
-0.643	-5.166e-5
-0.642	-5.144e-5
-0.641	-5.120e-5
-0.640	-5.098e-5
-0.639	-5.077e-5
-0.638	-5.055e-5
-0.637	-5.031e-5
-0.636	-5.006e-5
-0.635	-4.988e-5
-0.634	-4.966e-5
-0.633	-4.941e-5
-0.632	-4.920e-5
-0.631	-4.898e-5
-0.630	-4.874e-5
-0.629	-4.855e-5
-0.628	-4.834e-5
-0.627	-4.809e-5
-0.626	-4.788e-5
-0.625	-4.763e-5
-0.624	-4.742e-5
-0.623	-4.720e-5
-0.622	-4.698e-5
-0.621	-4.677e-5
-0.620	-4.652e-5
-0.619	-4.631e-5
-0.618	-4.609e-5
-0.617	-4.588e-5
-0.616	-4.563e-5
-0.615	-4.545e-5
-0.614	-4.517e-5
-0.613	-4.502e-5
-0.612	-4.474e-5
-0.611	-4.455e-5
-0.610	-4.434e-5
-0.609	-4.409e-5
-0.608	-4.391e-5
-0.607	-4.366e-5
-0.606	-4.345e-5
-0.605	-4.323e-5
-0.604	-4.302e-5
-0.603	-4.277e-5
-0.602	-4.262e-5
-0.601	-4.237e-5
-0.600	-4.219e-5
-0.599	-4.197e-5
-0.598	-4.169e-5
-0.597	-4.151e-5
-0.596	-4.129e-5
-0.595	-4.108e-5
-0.594	-4.086e-5
-0.593	-4.062e-5
-0.592	-4.040e-5
-0.591	-4.022e-5
-0.590	-3.994e-5
-0.589	-3.979e-5
-0.588	-3.951e-5
-0.587	-3.930e-5
-0.586	-3.911e-5
-0.585	-3.886e-5
-0.584	-3.865e-5
-0.583	-3.846e-5
-0.582	-3.825e-5
-0.581	-3.800e-5
-0.580	-3.782e-5
-0.579	-3.757e-5
-0.578	-3.739e-5
-0.577	-3.711e-5
-0.576	-3.693e-5
-0.575	-3.671e-5
-0.574	-3.647e-5
-0.573	-3.628e-5
-0.572	-3.607e-5
-0.571	-3.585e-5
-0.570	-3.563e-5
-0.569	-3.539e-5
-0.568	-3.517e-5
-0.567	-3.499e-5
-0.566	-3.474e-5
-0.565	-3.456e-5
-0.564	-3.431e-5
-0.563	-3.407e-5
-0.562	-3.391e-5
-0.561	-3.364e-5
-0.560	-3.348e-5
-0.559	-3.320e-5
-0.558	-3.302e-5
-0.557	-3.277e-5
-0.556	-3.256e-5
-0.555	-3.234e-5
-0.554	-3.219e-5
-0.553	-3.188e-5
-0.552	-3.173e-5
-0.551	-3.148e-5
-0.550	-3.127e-5
-0.549	-3.102e-5
-0.548	-3.081e-5
-0.547	-3.059e-5
-0.546	-3.044e-5
-0.545	-3.013e-5
-0.544	-2.994e-5
-0.543	-2.973e-5
-0.542	-2.951e-5
-0.541	-2.927e-5
-0.540	-2.905e-5
-0.539	-2.881e-5
-0.538	-2.865e-5
-0.537	-2.838e-5
-0.536	-2.819e-5
-0.535	-2.798e-5
-0.534	-2.773e-5
-0.533	-2.751e-5
-0.532	-2.730e-5
-0.531	-2.705e-5
-0.530	-2.684e-5
-0.529	-2.665e-5
-0.528	-2.641e-5
-0.527	-2.619e-5
-0.526	-2.592e-5
-0.525	-2.573e-5
-0.524	-2.548e-5
-0.523	-2.527e-5
-0.522	-2.505e-5
-0.521	-2.484e-5
-0.520	-2.459e-5
-0.519	-2.438e-5
-0.518	-2.410e-5
-0.517	-2.392e-5
-0.516	-2.367e-5
-0.515	-2.342e-5
-0.514	-2.324e-5
-0.513	-2.296e-5
-0.512	-2.275e-5
-0.511	-2.253e-5
-0.510	-2.229e-5
-0.509	-2.204e-5
-0.508	-2.182e-5
-0.507	-2.158e-5
-0.506	-2.133e-5
-0.505	-2.112e-5
-0.504	-2.087e-5
-0.503	-2.066e-5
-0.502	-2.035e-5
-0.501	-2.013e-5
-0.500	-1.989e-5
-0.499	-1.964e-5
-0.498	-1.943e-5
-0.497	-1.912e-5
-0.496	-1.890e-5
-0.495	-1.866e-5
-0.494	-1.838e-5
-0.493	-1.813e-5
-0.492	-1.789e-5
-0.491	-1.761e-5
-0.490	-1.736e-5
-0.489	-1.709e-5
-0.488	-1.681e-5
-0.487	-1.656e-5
-0.486	-1.629e-5
-0.485	-1.601e-5
-0.484	-1.567e-5
-0.483	-1.543e-5
-0.482	-1.515e-5
-0.481	-1.487e-5
-0.480	-1.453e-5
-0.479	-1.429e-5
-0.478	-1.395e-5
-0.477	-1.370e-5
-0.476	-1.324e-5
-0.475	-1.304e-5
-0.474	-1.271e-5
-0.473	-1.239e-5
-0.472	-1.207e-5
-0.471	-1.178e-5
-0.470	-1.137e-5
-0.469	-1.109e-5
-0.468	-1.067e-5
-0.467	-1.036e-5
-0.466	-9.970e-6
-0.465	-9.638e-6
-0.464	-9.244e-6
-0.463	-8.900e-6
-0.462	-8.457e-6
-0.461	-8.082e-6
-0.460	-7.667e-6
-0.459	-7.261e-6
-0.458	-6.836e-6
-0.457	-6.375e-6
-0.456	-5.996e-6
-0.455	-5.486e-6
-0.454	-5.052e-6
-0.453	-4.578e-6
-0.452	-4.080e-6
-0.451	-3.585e-6
-0.450	-3.105e-6
-0.449	-2.542e-6
-0.448	-2.072e-6
-0.447	-1.512e-6
-0.446	-9.737e-7
-0.445	-3.985e-7
-0.444	1.921e-7
-0.443	8.657e-7
-0.442	1.353e-6
-0.441	2.005e-6
-0.440	2.739e-6
-0.439	3.283e-6
-0.438	3.969e-6
-0.437	4.615e-6
-0.436	5.353e-6
-0.435	6.018e-6
-0.434	6.753e-6
-0.433	7.506e-6
-0.432	8.244e-6
-0.431	9.041e-6
-0.430	9.844e-6
-0.429	1.066e-5
-0.428	1.148e-5
-0.427	1.236e-5
-0.426	1.318e-5
-0.425	1.410e-5
-0.424	1.497e-5
-0.423	1.592e-5
-0.422	1.688e-5
-0.421	1.779e-5
-0.420	1.881e-5
-0.419	1.979e-5
-0.418	2.079e-5
-0.417	2.184e-5
-0.416	2.290e-5
-0.415	2.399e-5
-0.414	2.510e-5
-0.413	2.622e-5
-0.412	2.736e-5
-0.411	2.855e-5
-0.410	2.974e-5
-0.409	3.108e-5
-0.408	3.216e-5
-0.407	3.342e-5
-0.406	3.468e-5
-0.405	3.594e-5
-0.404	3.729e-5
-0.403	3.861e-5
-0.402	3.991e-5
-0.401	4.135e-5
-0.400	4.274e-5
-0.399	4.415e-5
-0.398	4.560e-5
-0.397	4.704e-5
-0.396	4.855e-5
-0.395	5.003e-5
-0.394	5.153e-5
-0.393	5.310e-5
-0.392	5.461e-5
-0.391	5.624e-5
-0.390	5.784e-5
-0.389	5.947e-5
-0.388	6.110e-5
-0.387	6.276e-5
-0.386	6.445e-5
-0.385	6.614e-5
-0.384	6.787e-5
-0.383	6.959e-5
-0.382	7.137e-5
-0.381	7.309e-5
-0.380	7.491e-5
-0.379	7.669e-5
-0.378	7.854e-5
-0.377	8.038e-5
-0.376	8.217e-5
-0.375	8.411e-5
-0.374	8.598e-5
-0.373	8.789e-5
-0.372	8.986e-5
-0.371	9.176e-5
-0.370	9.376e-5
-0.369	9.573e-5
-0.368	9.770e-5
-0.367	9.967e-5
-0.366	1.017e-4
-0.365	1.037e-4
-0.364	1.058e-4
-0.363	1.078e-4
-0.362	1.099e-4
-0.361	1.120e-4
-0.360	1.140e-4
-0.359	1.162e-4
-0.358	1.183e-4
-0.357	1.203e-4
-0.356	1.225e-4
-0.355	1.246e-4
-0.354	1.268e-4
-0.353	1.289e-4
-0.352	1.311e-4
-0.351	1.332e-4
-0.350	1.354e-4
-0.349	1.376e-4
-0.348	1.398e-4
-0.347	1.419e-4
-0.346	1.441e-4
-0.345	1.463e-4
-0.344	1.484e-4
-0.343	1.506e-4
-0.342	1.527e-4
-0.341	1.549e-4
-0.340	1.571e-4
-0.339	1.592e-4
-0.338	1.613e-4
-0.337	1.635e-4
-0.336	1.656e-4
-0.335	1.677e-4
-0.334	1.698e-4
-0.333	1.719e-4
-0.332	1.740e-4
-0.331	1.760e-4
-0.330	1.780e-4
-0.329	1.800e-4
-0.328	1.820e-4
-0.327	1.841e-4
-0.326	1.860e-4
-0.325	1.879e-4
-0.324	1.899e-4
-0.323	1.918e-4
-0.322	1.937e-4
-0.321	1.956e-4
-0.320	1.974e-4
-0.319	1.993e-4
-0.318	2.011e-4
-0.317	2.029e-4
-0.316	2.048e-4
-0.315	2.065e-4
-0.314	2.083e-4
-0.313	2.101e-4
-0.312	2.117e-4
-0.311	2.134e-4
-0.310	2.152e-4
-0.309	2.168e-4
-0.308	2.185e-4
-0.307	2.203e-4
-0.306	2.219e-4
-0.305	2.235e-4
-0.304	2.250e-4
-0.303	2.266e-4
-0.302	2.282e-4
-0.301	2.298e-4
-0.300	2.313e-4
-0.299	2.329e-4
-0.298	2.344e-4
-0.297	2.359e-4
-0.296	2.373e-4
-0.295	2.389e-4
-0.294	2.403e-4
-0.293	2.418e-4
-0.292	2.432e-4
-0.291	2.447e-4
-0.290	2.461e-4
-0.289	2.475e-4
-0.288	2.489e-4
-0.287	2.504e-4
-0.286	2.517e-4
-0.285	2.531e-4
-0.284	2.545e-4
-0.283	2.559e-4
-0.282	2.572e-4
-0.281	2.586e-4
-0.280	2.599e-4
-0.279	2.612e-4
-0.278	2.626e-4
-0.277	2.639e-4
-0.276	2.653e-4
-0.275	2.666e-4
-0.274	2.679e-4
-0.273	2.692e-4
-0.272	2.705e-4
-0.271	2.718e-4
-0.270	2.731e-4
-0.269	2.744e-4
-0.268	2.757e-4
-0.267	2.770e-4
-0.266	2.783e-4
-0.265	2.796e-4
-0.264	2.809e-4
-0.263	2.822e-4
-0.262	2.835e-4
-0.261	2.848e-4
-0.260	2.861e-4
-0.259	2.874e-4
-0.258	2.887e-4
-0.257	2.900e-4
-0.256	2.913e-4
-0.255	2.926e-4
-0.254	2.939e-4
-0.253	2.952e-4
-0.252	2.966e-4
-0.251	2.978e-4
-0.250	2.992e-4
-0.249	3.006e-4
-0.248	3.018e-4
-0.247	3.034e-4
-0.246	3.043e-4
-0.245	3.059e-4
-0.244	3.071e-4
-0.243	3.083e-4
-0.242	3.099e-4
-0.241	3.111e-4
-0.240	3.123e-4
-0.239	3.139e-4
-0.238	3.154e-4
-0.237	3.166e-4
-0.236	3.182e-4
-0.235	3.194e-4
-0.234	3.209e-4
-0.233	3.225e-4
-0.232	3.237e-4
-0.231	3.252e-4
-0.230	3.268e-4
-0.229	3.283e-4
-0.228	3.299e-4
-0.227	3.314e-4
-0.226	3.329e-4
-0.225	3.345e-4
-0.224	3.360e-4
-0.223	3.375e-4
-0.222	3.391e-4
-0.221	3.406e-4
-0.220	3.425e-4
-0.219	3.440e-4
-0.218	3.455e-4
-0.217	3.474e-4
-0.216	3.489e-4
-0.215	3.508e-4
-0.214	3.526e-4
-0.213	3.545e-4
-0.212	3.563e-4
-0.211	3.578e-4
-0.210	3.600e-4
-0.209	3.618e-4
-0.208	3.637e-4
-0.207	3.658e-4
-0.206	3.677e-4
-0.205	3.698e-4
-0.204	3.720e-4
-0.203	3.742e-4
-0.202	3.763e-4
-0.201	3.785e-4
-0.200	3.726e-4
-0.201	3.557e-4
-0.202	3.419e-4
-0.203	3.292e-4
-0.204	3.179e-4
-0.205	3.068e-4
-0.206	2.969e-4
-0.207	2.874e-4
-0.208	2.785e-4
-0.209	2.699e-4
-0.210	2.616e-4
-0.211	2.539e-4
-0.212	2.465e-4
-0.213	2.394e-4
-0.214	2.324e-4
-0.215	2.259e-4
-0.216	2.194e-4
-0.217	2.136e-4
-0.218	2.074e-4
-0.219	2.019e-4
-0.220	1.964e-4
-0.221	1.911e-4
-0.222	1.859e-4
-0.223	1.810e-4
-0.224	1.761e-4
-0.225	1.715e-4
-0.226	1.668e-4
-0.227	1.625e-4
-0.228	1.579e-4
-0.229	1.536e-4
-0.230	1.496e-4
-0.231	1.456e-4
-0.232	1.416e-4
-0.233	1.380e-4
-0.234	1.343e-4
-0.235	1.307e-4
-0.236	1.271e-4
-0.237	1.237e-4
-0.238	1.203e-4
-0.239	1.170e-4
-0.240	1.138e-4
-0.241	1.106e-4
-0.242	1.075e-4
-0.243	1.044e-4
-0.244	1.014e-4
-0.245	9.853e-5
-0.246	9.567e-5
-0.247	9.284e-5
-0.248	9.013e-5
-0.249	8.740e-5
-0.250	8.475e-5
-0.251	8.223e-5
-0.252	7.961e-5
-0.253	7.715e-5
-0.254	7.469e-5
-0.255	7.223e-5
-0.256	6.986e-5
-0.257	6.753e-5
-0.258	6.525e-5
-0.259	6.301e-5
-0.260	6.073e-5
-0.261	5.861e-5
-0.262	5.642e-5
-0.263	5.430e-5
-0.264	5.221e-5
-0.265	5.018e-5
-0.266	4.818e-5
-0.267	4.618e-5
-0.268	4.421e-5
-0.269	4.227e-5
-0.270	4.037e-5
-0.271	3.846e-5
-0.272	3.665e-5
-0.273	3.480e-5
-0.274	3.299e-5
-0.275	3.117e-5
-0.276	2.939e-5
-0.277	2.770e-5
-0.278	2.591e-5
-0.279	2.425e-5
-0.280	2.253e-5
-0.281	2.084e-5
-0.282	1.918e-5
-0.283	1.758e-5
-0.284	1.588e-5
-0.285	1.429e-5
-0.286	1.272e-5
-0.287	1.107e-5
-0.288	9.567e-6
-0.289	7.971e-6
-0.290	6.436e-6
-0.291	4.898e-6
-0.292	3.342e-6
-0.293	1.835e-6
-0.294	2.843e-7
-0.295	-1.207e-6
-0.296	-2.721e-6
-0.297	-4.228e-6
-0.298	-5.744e-6
-0.299	-7.205e-6
-0.300	-8.731e-6
-0.301	-1.019e-5
-0.302	-1.171e-5
-0.303	-1.318e-5
-0.304	-1.464e-5
-0.305	-1.615e-5
-0.306	-1.762e-5
-0.307	-1.917e-5
-0.308	-2.064e-5
-0.309	-2.211e-5
-0.310	-2.357e-5
-0.311	-2.511e-5
-0.312	-2.654e-5
-0.313	-2.808e-5
-0.314	-2.957e-5
-0.315	-3.121e-5
-0.316	-3.265e-5
-0.317	-3.416e-5
-0.318	-3.567e-5
-0.319	-3.723e-5
-0.320	-3.874e-5
-0.321	-4.028e-5
-0.322	-4.185e-5
-0.323	-4.336e-5
-0.324	-4.499e-5
-0.325	-4.652e-5
-0.326	-4.812e-5
-0.327	-4.972e-5
-0.328	-5.126e-5
-0.329	-5.295e-5
-0.330	-5.452e-5
-0.331	-5.618e-5
-0.332	-5.781e-5
-0.333	-5.944e-5
-0.334	-6.110e-5
-0.335	-6.276e-5
-0.336	-6.446e-5
-0.337	-6.612e-5
-0.338	-6.781e-5
-0.339	-6.953e-5
-0.340	-7.125e-5
-0.341	-7.297e-5
-0.342	-7.467e-5
-0.343	-7.642e-5
-0.344	-7.808e-5
-0.345	-7.993e-5
-0.346	-8.165e-5
-0.347	-8.340e-5
-0.348	-8.519e-5
-0.349	-8.694e-5
-0.350	-8.872e-5
-0.351	-9.048e-5
-0.352	-9.229e-5
-0.353	-9.407e-5
-0.354	-9.586e-5
-0.355	-9.761e-5
-0.356	-9.943e-5
-0.357	-1.012e-4
-0.358	-1.030e-4
-0.359	-1.048e-4
-0.360	-1.065e-4
-0.361	-1.083e-4
-0.362	-1.100e-4
-0.363	-1.118e-4
-0.364	-1.135e-4
-0.365	-1.153e-4
-0.366	-1.170e-4
-0.367	-1.187e-4
-0.368	-1.203e-4
-0.369	-1.220e-4
-0.370	-1.237e-4
-0.371	-1.253e-4
-0.372	-1.269e-4
-0.373	-1.285e-4
-0.374	-1.300e-4
-0.375	-1.316e-4
-0.376	-1.330e-4
-0.377	-1.346e-4
-0.378	-1.360e-4
-0.379	-1.374e-4
-0.380	-1.388e-4
-0.381	-1.402e-4
-0.382	-1.415e-4
-0.383	-1.428e-4
-0.384	-1.441e-4
-0.385	-1.453e-4
-0.386	-1.465e-4
-0.387	-1.477e-4
-0.388	-1.488e-4
-0.389	-1.499e-4
-0.390	-1.509e-4
-0.391	-1.519e-4
-0.392	-1.529e-4
-0.393	-1.538e-4
-0.394	-1.547e-4
-0.395	-1.556e-4
-0.396	-1.563e-4
-0.397	-1.571e-4
-0.398	-1.578e-4
-0.399	-1.586e-4
-0.400	-1.592e-4
-0.401	-1.598e-4
-0.402	-1.604e-4
-0.403	-1.609e-4
-0.404	-1.615e-4
-0.405	-1.619e-4
-0.406	-1.623e-4
-0.407	-1.627e-4
-0.408	-1.630e-4
-0.409	-1.634e-4
-0.410	-1.637e-4
-0.411	-1.640e-4
-0.412	-1.642e-4
-0.413	-1.644e-4
-0.414	-1.645e-4
-0.415	-1.646e-4
-0.416	-1.648e-4
-0.417	-1.648e-4
-0.418	-1.649e-4
-0.419	-1.648e-4
-0.420	-1.649e-4
-0.421	-1.648e-4
-0.422	-1.648e-4
-0.423	-1.647e-4
-0.424	-1.645e-4
-0.425	-1.644e-4
-0.426	-1.643e-4
-0.427	-1.640e-4
-0.428	-1.639e-4
-0.429	-1.636e-4
-0.430	-1.634e-4
-0.431	-1.632e-4
-0.432	-1.628e-4
-0.433	-1.626e-4
-0.434	-1.622e-4
-0.435	-1.620e-4
-0.436	-1.616e-4
-0.437	-1.613e-4
-0.438	-1.608e-4
-0.439	-1.605e-4
-0.440	-1.600e-4
-0.441	-1.597e-4
-0.442	-1.592e-4
-0.443	-1.587e-4
-0.444	-1.584e-4
-0.445	-1.578e-4
-0.446	-1.574e-4
-0.447	-1.569e-4
-0.448	-1.564e-4
-0.449	-1.559e-4
-0.450	-1.554e-4
-0.451	-1.549e-4
-0.452	-1.544e-4
-0.453	-1.538e-4
-0.454	-1.534e-4
-0.455	-1.528e-4
-0.456	-1.523e-4
-0.457	-1.518e-4
-0.458	-1.512e-4
-0.459	-1.507e-4
-0.460	-1.501e-4
-0.461	-1.497e-4
-0.462	-1.491e-4
-0.463	-1.485e-4
-0.464	-1.480e-4
-0.465	-1.475e-4
-0.466	-1.470e-4
-0.467	-1.464e-4
-0.468	-1.459e-4
-0.469	-1.454e-4
-0.470	-1.449e-4
-0.471	-1.444e-4
-0.472	-1.438e-4
-0.473	-1.433e-4
-0.474	-1.428e-4
-0.475	-1.423e-4
-0.476	-1.418e-4
-0.477	-1.413e-4
-0.478	-1.408e-4
-0.479	-1.404e-4
-0.480	-1.399e-4
-0.481	-1.394e-4
-0.482	-1.390e-4
-0.483	-1.385e-4
-0.484	-1.381e-4
-0.485	-1.376e-4
-0.486	-1.372e-4
-0.487	-1.368e-4
-0.488	-1.363e-4
-0.489	-1.359e-4
-0.490	-1.355e-4
-0.491	-1.351e-4
-0.492	-1.347e-4
-0.493	-1.343e-4
-0.494	-1.339e-4
-0.495	-1.336e-4
-0.496	-1.332e-4
-0.497	-1.328e-4
-0.498	-1.324e-4
-0.499	-1.321e-4
-0.500	-1.318e-4
-0.501	-1.314e-4
-0.502	-1.310e-4
-0.503	-1.307e-4
-0.504	-1.304e-4
-0.505	-1.300e-4
-0.506	-1.298e-4
-0.507	-1.294e-4
-0.508	-1.291e-4
-0.509	-1.288e-4
-0.510	-1.285e-4
-0.511	-1.282e-4
-0.512	-1.279e-4
-0.513	-1.276e-4
-0.514	-1.273e-4
-0.515	-1.270e-4
-0.516	-1.268e-4
-0.517	-1.264e-4
-0.518	-1.262e-4
-0.519	-1.259e-4
-0.520	-1.256e-4
-0.521	-1.254e-4
-0.522	-1.251e-4
-0.523	-1.249e-4
-0.524	-1.246e-4
-0.525	-1.244e-4
-0.526	-1.241e-4
-0.527	-1.239e-4
-0.528	-1.236e-4
-0.529	-1.234e-4
-0.530	-1.231e-4
-0.531	-1.230e-4
-0.532	-1.227e-4
-0.533	-1.225e-4
-0.534	-1.222e-4
-0.535	-1.221e-4
-0.536	-1.218e-4
-0.537	-1.217e-4
-0.538	-1.214e-4
-0.539	-1.213e-4
-0.540	-1.210e-4
-0.541	-1.209e-4
-0.542	-1.206e-4
-0.543	-1.205e-4
-0.544	-1.203e-4
-0.545	-1.201e-4
-0.546	-1.199e-4
-0.547	-1.198e-4
-0.548	-1.196e-4
-0.549	-1.194e-4
-0.550	-1.192e-4
-0.551	-1.191e-4
-0.552	-1.189e-4
-0.553	-1.187e-4
-0.554	-1.186e-4
-0.555	-1.184e-4
-0.556	-1.183e-4
-0.557	-1.181e-4
-0.558	-1.179e-4
-0.559	-1.178e-4
-0.560	-1.176e-4
-0.561	-1.175e-4
-0.562	-1.173e-4
-0.563	-1.172e-4
-0.564	-1.170e-4
-0.565	-1.169e-4
-0.566	-1.168e-4
-0.567	-1.166e-4
-0.568	-1.165e-4
-0.569	-1.163e-4
-0.570	-1.162e-4
-0.571	-1.160e-4
-0.572	-1.160e-4
-0.573	-1.158e-4
-0.574	-1.156e-4
-0.575	-1.156e-4
-0.576	-1.154e-4
-0.577	-1.153e-4
-0.578	-1.152e-4
-0.579	-1.150e-4
-0.580	-1.150e-4
-0.581	-1.148e-4
-0.582	-1.147e-4
-0.583	-1.146e-4
-0.584	-1.144e-4
-0.585	-1.143e-4
-0.586	-1.142e-4
-0.587	-1.141e-4
-0.588	-1.140e-4
-0.589	-1.139e-4
-0.590	-1.138e-4
-0.591	-1.137e-4
-0.592	-1.135e-4
-0.593	-1.134e-4
-0.594	-1.133e-4
-0.595	-1.132e-4
-0.596	-1.131e-4
-0.597	-1.130e-4
-0.598	-1.129e-4
-0.599	-1.128e-4
-0.600	-1.126e-4
-0.601	-1.126e-4
-0.602	-1.124e-4
-0.603	-1.124e-4
-0.604	-1.123e-4
-0.605	-1.122e-4
-0.606	-1.120e-4
-0.607	-1.120e-4
-0.608	-1.119e-4
-0.609	-1.118e-4
-0.610	-1.117e-4
-0.611	-1.116e-4
-0.612	-1.115e-4
-0.613	-1.114e-4
-0.614	-1.113e-4
-0.615	-1.112e-4
-0.616	-1.111e-4
-0.617	-1.111e-4
-0.618	-1.109e-4
-0.619	-1.109e-4
-0.620	-1.108e-4
-0.621	-1.107e-4
-0.622	-1.106e-4
-0.623	-1.105e-4
-0.624	-1.104e-4
-0.625	-1.103e-4
-0.626	-1.103e-4
-0.627	-1.102e-4
-0.628	-1.101e-4
-0.629	-1.100e-4
-0.630	-1.099e-4
-0.631	-1.099e-4
-0.632	-1.098e-4
-0.633	-1.097e-4
-0.634	-1.096e-4
-0.635	-1.095e-4
-0.636	-1.095e-4
-0.637	-1.094e-4
-0.638	-1.093e-4
-0.639	-1.093e-4
-0.640	-1.092e-4
-0.641	-1.091e-4
-0.642	-1.090e-4
-0.643	-1.090e-4
-0.644	-1.089e-4
-0.645	-1.088e-4
-0.646	-1.087e-4
-0.647	-1.087e-4
-0.648	-1.086e-4
-0.649	-1.085e-4
-0.650	-1.085e-4
-0.651	-1.084e-4
-0.652	-1.083e-4
-0.653	-1.083e-4
-0.654	-1.082e-4
-0.655	-1.082e-4
-0.656	-1.080e-4
-0.657	-1.080e-4
-0.658	-1.079e-4
-0.659	-1.079e-4
-0.660	-1.078e-4
-0.661	-1.078e-4
-0.662	-1.077e-4
-0.663	-1.076e-4
-0.664	-1.076e-4
-0.665	-1.075e-4
-0.666	-1.075e-4
-0.667	-1.074e-4
-0.668	-1.073e-4
-0.669	-1.073e-4
-0.670	-1.072e-4
-0.671	-1.071e-4
-0.672	-1.071e-4
-0.673	-1.071e-4
-0.674	-1.070e-4
-0.675	-1.069e-4
-0.676	-1.069e-4
-0.677	-1.068e-4
-0.678	-1.067e-4
-0.679	-1.067e-4
-0.680	-1.066e-4
-0.681	-1.066e-4
-0.682	-1.065e-4
-0.683	-1.065e-4
-0.684	-1.064e-4
-0.685	-1.063e-4
-0.686	-1.063e-4
-0.687	-1.062e-4
-0.688	-1.062e-4
-0.689	-1.061e-4
-0.690	-1.061e-4
-0.691	-1.060e-4
-0.692	-1.060e-4
-0.693	-1.059e-4
-0.694	-1.059e-4
-0.695	-1.059e-4
-0.696	-1.058e-4
-0.697	-1.058e-4
-0.698	-1.057e-4
-0.699	-1.056e-4
-0.700	-1.056e-4
-0.701	-1.055e-4
-0.702	-1.055e-4
-0.703	-1.055e-4
-0.704	-1.054e-4
-0.705	-1.054e-4
-0.706	-1.054e-4
-0.707	-1.052e-4
-0.708	-1.052e-4
-0.709	-1.052e-4
-0.710	-1.051e-4
-0.711	-1.051e-4
-0.712	-1.051e-4
-0.713	-1.050e-4
-0.714	-1.050e-4
-0.715	-1.049e-4
-0.716	-1.049e-4
-0.717	-1.048e-4
-0.718	-1.048e-4
-0.719	-1.047e-4
-0.720	-1.047e-4
-0.721	-1.047e-4
-0.722	-1.047e-4
-0.723	-1.046e-4
-0.724	-1.045e-4
-0.725	-1.045e-4
-0.726	-1.044e-4
-0.727	-1.044e-4
-0.728	-1.043e-4
-0.729	-1.043e-4
-0.730	-1.043e-4
-0.731	-1.043e-4
-0.732	-1.042e-4
-0.733	-1.042e-4
-0.734	-1.041e-4
-0.735	-1.041e-4
-0.736	-1.040e-4
-0.737	-1.040e-4
-0.738	-1.039e-4
-0.739	-1.039e-4
-0.740	-1.039e-4
-0.741	-1.039e-4
-0.742	-1.038e-4
-0.743	-1.038e-4
-0.744	-1.037e-4
-0.745	-1.036e-4
-0.746	-1.036e-4
-0.747	-1.036e-4
-0.748	-1.035e-4
-0.749	-1.035e-4
-0.750	-1.035e-4
-0.751	-1.034e-4
-0.752	-1.033e-4
-0.753	-1.034e-4
-0.754	-1.033e-4
-0.755	-1.032e-4
-0.756	-1.032e-4
-0.757	-1.031e-4
-0.758	-1.031e-4
-0.759	-1.031e-4
-0.760	-1.030e-4
-0.761	-1.030e-4
-0.762	-1.029e-4
-0.763	-1.028e-4
-0.764	-1.029e-4
-0.765	-1.028e-4
-0.766	-1.027e-4
-0.767	-1.027e-4
-0.768	-1.027e-4
-0.769	-1.026e-4
-0.770	-1.026e-4
-0.771	-1.025e-4
-0.772	-1.025e-4
-0.773	-1.024e-4
-0.774	-1.024e-4
-0.775	-1.024e-4
-0.776	-1.023e-4
-0.777	-1.023e-4
-0.778	-1.023e-4
-0.779	-1.022e-4
-0.780	-1.022e-4
-0.781	-1.021e-4
-0.782	-1.021e-4
-0.783	-1.020e-4
-0.784	-1.020e-4
-0.785	-1.019e-4
-0.786	-1.019e-4
-0.787	-1.019e-4
-0.788	-1.018e-4
-0.789	-1.018e-4
-0.790	-1.017e-4
-0.791	-1.017e-4
-0.792	-1.016e-4
-0.793	-1.016e-4
-0.794	-1.016e-4
-0.795	-1.015e-4
-0.796	-1.015e-4
-0.797	-1.015e-4
-0.798	-1.014e-4
-0.799	-1.014e-4
